1024.0	0.0
5.0	0.0
350.0	0.0
4000000.0	0.0
4.0	0.0
8000.0	0.0
12000.0	0.0
6000.0	0.0
3000.0	0.0
1000.0	0.0
-3.5210845127171326e-05	3.5927911655912287e-06
-4.8238420710637126e-05	-9.64959224956362e-06
3.520501590482987e-05	1.7111324128870302e-05
0.0001249990593633645	-1.6594043897261935e-05
-4.411335352365732e-05	-4.594533465552503e-05
3.646352864855423e-05	-5.1651965805297984e-05
-6.63603367150183e-06	2.165084447481817e-05
1.3789206724635128e-05	-2.168041409771947e-05
1.2636712789696098e-05	-1.2104586593857997e-05
4.721800117634827e-06	6.815116119379901e-06
5.942562690851797e-05	-4.182904296637622e-05
-5.876982678601986e-05	-3.848627343816307e-05
-1.559734629309169e-05	1.3151300969020729e-05
3.914168393034194e-05	0.00010247483254428581
1.711142498587022e-05	3.091545105736812e-05
-6.878111910178699e-05	-1.8381718243377912e-05
-1.1904573889992465e-05	2.7844579062880646e-06
-1.7952414243517547e-05	-2.4047089720863062e-05
-5.794829589109481e-06	3.6455389510258705e-06
6.0066208875679655e-06	-2.2280280568237517e-05
-5.1402193828049836e-05	1.1849669518922312e-06
3.1782785646744894e-05	3.886817257466234e-05
-5.6606131491347677e-05	-1.2789484277585194e-05
3.8439055861885785e-05	5.6479651281999874e-05
4.042065543333664e-05	-9.831792212996414e-06
4.6110034864658636e-05	-8.139418996676115e-05
-1.2401652882363739e-05	8.38434510776294e-05
1.9246049216552293e-05	-1.0390347577022106e-05
7.820748805589312e-06	3.461992242261454e-05
5.55533210786122e-05	9.452680348476971e-06
-7.761809703830342e-06	3.4723442226077905e-06
3.902111048500791e-05	1.6584957423558914e-05
2.022214448428889e-05	-5.468320335525761e-05
1.484667089683388e-06	1.6932222168477842e-05
-2.048091203144549e-05	6.530042655035237e-06
-1.1754569831653495e-05	2.8048587605332906e-06
-1.3765538657835233e-05	-6.377715303818634e-05
-6.702702782126159e-07	-4.486613451994298e-06
-2.7372607054753977e-05	9.993512484822524e-06
4.12231166006685e-05	0.00013009745930350237
-1.3086473027957861e-05	-1.5079947625718401e-05
8.36469874745196e-06	-3.7183766200668016e-05
-3.709557712796292e-05	-1.877550758735504e-05
-1.5844108431949223e-05	-5.8626592755266635e-06
-9.649590014652392e-06	1.469761946342981e-05
-4.848844565143759e-05	6.951332947018654e-05
-1.775545044821142e-05	-2.943356068210215e-05
-7.101878943953977e-05	6.68700312257623e-05
-7.508754329091195e-05	-4.29345031761941e-05
-7.195061798412241e-05	3.091243671745938e-05
3.1297474542725206e-05	1.5097407393182184e-05
1.9769506381395366e-05	-3.0056749113833917e-05
4.356081766172557e-05	2.1468873308904533e-05
-1.6982244282763425e-05	-8.785086790176884e-06
-4.5801059129731795e-05	-2.404943059965666e-06
5.942863265942458e-05	-0.00013472512044284567
4.790622369644875e-05	-3.636934021477573e-05
1.853455518516232e-05	2.5193767641079836e-05
1.4521353209790963e-05	-9.531770401632026e-06
-2.4829248333735905e-05	-3.995609608852322e-05
-8.320829830000658e-05	4.045784843203734e-06
-4.8941222146664465e-05	3.716027743834107e-05
-1.0704851308751201e-05	-4.195554751260096e-05
1.4544681275262526e-05	-1.5378300653531416e-06
-4.8720746200929546e-05	-3.134194029369985e-05
5.897790271058846e-06	-5.524478861803565e-05
-1.9169477424559426e-06	1.3724794414336252e-05
-2.0280795875164128e-05	-1.2380822886315354e-05
3.201799855436708e-05	-4.40722623038334e-05
3.5269723093929566e-05	-1.946062127091388e-05
-1.6923365869821165e-05	5.659429213280636e-05
1.020210939893934e-06	-2.9692366566467894e-05
3.8277291239264936e-05	6.08722274861105e-05
3.114462821517896e-05	5.069363979010732e-05
3.65633254701168e-05	-4.503078607933248e-05
6.500318479748903e-05	2.12846789024205e-06
-1.3731617546785473e-06	-2.3109364590221456e-05
-5.3860155612081376e-05	5.341314132557728e-05
3.726018278745865e-05	7.409391092261063e-05
-4.7274212223852764e-05	2.077182191290091e-05
3.5363946732837864e-05	-2.0410420339445565e-05
1.7626023408655792e-05	-7.540244778857228e-05
-1.8960738090938518e-05	6.908695734240737e-05
-1.0760112754647253e-06	2.5784892790475052e-05
-2.844275440815473e-05	3.847140797129173e-05
-1.1001993923312797e-05	-1.4848016846316049e-06
1.8112777459089205e-06	1.3095206881003301e-05
1.0613746076925073e-06	-6.674082467407627e-06
-5.086417794987562e-05	-2.46766333576731e-05
-2.1627515271655775e-05	-1.474173992491981e-05
-3.524597602067226e-05	3.7554169206100696e-05
-7.673696552418422e-06	-7.688479229629282e-06
3.6604759243663115e-06	-1.6558766734073292e-05
-4.883544120257112e-05	4.827385568098166e-05
-4.5480638580305806e-05	-9.575932800135347e-06
1.751693770053078e-05	-2.928363275045075e-05
2.0360445266777135e-05	5.4604052192785854e-05
4.6618631872036465e-05	5.547850277612952e-06
-7.886272264063925e-05	-3.665151073991714e-05
-2.0622052557024644e-05	1.455649257107227e-05
-3.257578276672256e-06	-3.2417592473927745e-05
2.0813130565223433e-05	-1.11740339930715e-06
4.327863892075289e-05	-9.281831905988065e-06
9.605374591107074e-05	7.122152900133639e-05
-1.9396153662134376e-05	3.825385045260118e-05
4.272143407020619e-06	5.986006368066297e-06
-3.2428497354471536e-06	-1.4621355898952176e-05
4.3107955366235604e-05	-6.203674267503215e-06
5.651200936940466e-05	1.7139488508537387e-06
9.258376338271519e-06	5.906696829865935e-05
-8.592788289778053e-05	-3.548150526731831e-05
4.4404793266671884e-05	-3.661040418635332e-05
2.7604838219490324e-05	-5.5274289666201574e-05
-6.872248114912076e-05	-1.3242433636817073e-05
1.9522373476847844e-06	-8.789449091470249e-07
4.924784203633891e-06	-9.021447264421443e-05
2.8924969049618594e-05	-3.521088012684339e-05
1.1498755366387255e-05	-8.680413906549132e-05
-3.137996243494946e-05	3.256190174263246e-05
2.8198675086520194e-05	-3.6766218808284784e-05
2.0974877923097e-05	-4.707727547857587e-05
6.251580943120767e-05	-8.929095552868723e-06
1.6435279960288287e-05	7.032763968312765e-06
-4.354230585212985e-06	7.732575027714819e-07
4.74596068673957e-05	-2.8822148076879598e-05
6.978686779565968e-05	5.977277869130361e-06
-3.0585884131927995e-05	-1.4971109579616492e-05
6.876930739132382e-06	-8.512536094027102e-05
-3.6339309969783267e-06	7.686054443449829e-05
-0.00010658510767388662	-4.580440606481793e-05
3.16151512493688e-05	-6.834892535357491e-05
-3.1221246135531734e-05	5.284854209454921e-05
1.2330865334763653e-05	-1.3224794807155564e-05
5.4677376038976215e-05	-0.00011552599761543465
-7.928917269450653e-05	2.205649139136309e-05
2.417062566366219e-05	6.233189847630976e-06
-1.0645987206729952e-06	1.1745591591668577e-05
1.128984772215131e-06	1.425953672077557e-05
-3.731890757421867e-05	6.387705463489302e-05
-3.097708981047123e-05	-5.41423301040853e-05
6.124854523565252e-05	-8.606323023236536e-05
1.6511703370754515e-05	1.5512065846872185e-05
0.00011222406852390785	7.599342832923923e-05
1.2463145339484357e-05	3.2708811222717973e-05
7.878311780497517e-05	7.079232998064411e-05
-4.102650593546061e-05	4.0335391082359225e-05
8.252654788378503e-06	-7.309062387297699e-06
8.82934453709379e-06	3.7142489837113326e-05
5.683259721098826e-06	-2.6784414898797915e-05
-2.0339536113039677e-05	-1.932843084495293e-05
-6.147791868056326e-05	4.5415811113881327e-05
-7.2033658867505504e-06	2.8336918813780066e-05
-5.733157587304313e-06	7.009311275535843e-06
-4.221430056875896e-05	8.846530760391841e-05
1.943316123649492e-06	1.0219845818419944e-05
5.450974421879407e-05	-4.777743850238529e-06
1.3212760916449778e-05	-1.8163788923875255e-05
-3.325861184123146e-05	2.5496728245574824e-05
-5.2185101561275895e-06	-3.723072588150325e-05
7.149768084215424e-05	9.602376148476406e-06
1.452252851973372e-06	-2.5117384768859027e-05
5.503883326444553e-06	-1.728202071794792e-05
1.219280982895853e-05	-9.132880003868166e-05
-3.860959931145685e-05	-2.2056333611234117e-07
-2.746656101314404e-05	2.7722109159740495e-05
-3.598142172584842e-05	4.050900223752653e-05
-1.279226518044881e-05	-1.2763024235037794e-05
-3.025364943551677e-06	1.000985275849914e-07
-9.361640612862081e-05	2.1874348496459088e-05
-6.693761384488115e-05	2.676686558886179e-05
5.0649385341091686e-05	-5.4006968809389786e-05
4.339479781030082e-06	-4.0414847166291073e-05
9.834686099142727e-05	-1.402722646058087e-05
1.772607656135633e-05	-7.500337262985561e-06
7.590504427161545e-05	-6.18159474210671e-05
0.00011215674733250949	1.8546396424811443e-05
-3.9909298837196295e-05	-4.622767228689665e-05
-6.432686339267476e-05	-9.381972060327105e-06
1.445075626190108e-05	1.1525205629746316e-05
1.0604920726760464e-05	3.339386462875627e-05
2.0780816484281675e-05	5.5392575754106335e-06
4.833826514297559e-05	2.9674742959000353e-05
4.704783700867551e-05	5.7832840070653506e-06
-6.157193529285901e-05	7.269735251400236e-05
-1.3995041783610672e-05	-7.071289480826134e-05
-3.1967911683018115e-05	2.5655573863796913e-05
7.397337417019758e-05	-3.081247852392227e-05
1.583835254668513e-05	3.1136055503947336e-06
1.4865214129607774e-05	-3.956812584778573e-05
4.2378927004259345e-05	2.055149720357858e-06
-7.282600030367233e-06	-8.813883292248995e-05
4.2543581340343136e-05	-5.3386567714684786e-05
8.250547246845224e-05	-6.12513682574701e-05
-1.6838093742723088e-05	-1.913412840275025e-05
4.154328371105106e-06	-6.24302231127297e-05
0.00011383242035719724	4.481064994578725e-05
7.87246742736712e-05	-2.1542166722902585e-05
1.0722508632543466e-05	-2.8078120125045657e-05
8.579403595504307e-06	-3.4807964849833e-05
3.551060226066107e-05	-1.600905403248723e-05
-4.500430498999382e-05	1.3673361415884754e-06
9.220067122468208e-06	-7.203191500830002e-06
-0.00013012398863619028	4.345479519091234e-05
8.318486567654248e-05	-1.036972297401681e-05
5.436133219295379e-06	4.4319415680049566e-05
-3.592233923609373e-05	0.00011759296261896578
2.2568330263623935e-05	-1.9025514049398644e-05
-5.089196076696217e-06	-3.984161589415724e-05
1.352748456445649e-05	2.7048661524896593e-06
-1.7876354716656604e-06	-5.857902187616207e-05
-3.717777427648503e-05	-3.7421840589319654e-05
-6.182974970441473e-06	-0.0001043036013551511
2.4446865836248248e-05	1.7449674532220568e-05
-1.0293420661183473e-05	-1.742601317573176e-05
-5.187545643090191e-05	2.1068915113462264e-05
3.839822698135138e-05	1.742608560832397e-05
5.842040122065918e-06	1.0652142609353284e-05
-2.3294677641766916e-05	-3.67690582385449e-05
-0.00010429486791448108	-3.296757146327097e-05
1.968991063544309e-05	8.735154915004061e-06
-3.483990720024378e-06	3.352320974916838e-05
1.6964570961456512e-05	1.797301171239808e-05
1.8352285476674987e-05	5.3510326420943255e-05
-3.797168081143078e-05	4.087052701287598e-05
4.118815093561738e-05	-3.3264325393506226e-05
2.869334953882963e-06	-1.0819684204507003e-05
1.2971678779904075e-05	6.25971682521185e-06
-3.5513752492748895e-05	-4.711840631263719e-05
1.7196621811632623e-05	5.202544261397498e-05
4.856776044193592e-05	-7.1297251865543096e-06
-3.986197986415601e-05	-1.1142397466552183e-06
1.2245710045754834e-05	3.88359414208645e-05
5.458323154320143e-05	1.5920905027895033e-05
-3.3005808758662315e-05	3.0827020917727865e-05
5.427433108992211e-05	0.00011657290204111443
6.615394708839154e-06	2.4141317569063743e-05
-5.1949063850171705e-05	3.7157254326646755e-05
2.244791960546085e-05	-1.8913744961086833e-05
7.54934236554583e-05	5.6421135710176814e-05
6.569092681390433e-05	-6.221134660852404e-06
1.5462105546348647e-05	6.963970351822096e-05
4.658312827232566e-05	1.2380870016396649e-05
-6.271569988907771e-05	6.479887049114991e-06
-1.9131458622163582e-05	2.846924372339157e-05
-1.2101507532080061e-05	-2.1403414027946157e-06
-1.3153984552151821e-05	5.981669123913391e-05
3.528425523362735e-05	4.1667310123433464e-05
-4.4102254463115827e-07	-2.714611458137239e-05
9.713924713909821e-06	4.722115292215781e-05
8.623350763808107e-06	-2.520277933246679e-05
9.167263109233804e-05	3.17153304941828e-05
1.6937987450040213e-05	-2.7557860609356993e-05
-2.778367706890909e-06	2.208903674461346e-05
9.510390792316723e-05	3.547253653041755e-05
-1.4083180972111815e-05	3.565490412326684e-05
2.3315242116108835e-05	5.0099719801330535e-06
3.870074063289528e-05	-1.2524803718768299e-05
-7.174665979204726e-07	1.0249213271325179e-05
-3.591637760504777e-05	-8.245268752598225e-05
5.99430425260418e-05	-9.82588890121839e-06
2.7948694588940574e-05	-7.222115105998163e-05
-0.0001009109256209102	-3.513497705403951e-06
-3.703678760513562e-05	-1.67998705088545e-05
1.420961197260238e-05	-5.2172583570412264e-05
-4.139993478703416e-05	-1.11737833828335e-06
-5.78527716671192e-05	1.968703879380034e-05
2.772231726395094e-05	-4.968514566719152e-05
-3.4325648686041766e-05	-5.9728618776402514e-05
-7.470751800079357e-06	1.2045770765743064e-05
-4.2611211709784214e-05	-4.990554343714747e-05
-5.2045880907383206e-05	-5.183724996784967e-05
-4.482795731231642e-05	-1.3789051699248722e-06
-8.050010880010218e-06	1.4042145632585078e-05
1.927829120169715e-05	6.388869901153157e-05
-2.228046021662872e-05	2.5002748412781634e-05
0.0001025689107113161	4.895343851852813e-06
3.356139025969691e-05	-1.9763415087324772e-05
6.55910614494622e-05	-1.0440385536941893e-05
-6.065605191713453e-06	4.796518929555159e-05
-1.10931165203876e-05	9.721201271484394e-05
-1.8467038462987025e-05	6.690236666955468e-05
-6.49679183707019e-05	3.3778962243732374e-05
3.763311102920702e-06	-5.134913159030613e-05
1.2774919207875296e-05	-2.817812733950788e-05
8.120788668111475e-06	1.966885762827576e-06
1.944584757608346e-05	-4.440746827424987e-05
-4.515145162202464e-05	6.113394051411835e-05
6.566464169313591e-05	-9.462179903900911e-05
-3.618974681419235e-05	-6.840770985820868e-05
2.304176163076602e-05	9.868220466661009e-05
-3.237662121168984e-05	6.385915475936878e-06
9.480437014259981e-05	1.7984763923715226e-05
-1.6943835388016633e-05	2.775562933116479e-06
-3.110651195457594e-05	8.076491974292123e-05
-1.1157760149574505e-05	-7.194382392876333e-06
4.200261624274106e-05	8.620448052298288e-06
-6.496506591458396e-05	7.689005310596248e-05
6.123093754112624e-05	3.6086971740253076e-05
6.336257374666352e-05	-5.1581448203886473e-05
-4.031218519249911e-05	4.221725471229771e-05
4.193488970550763e-05	-5.796724981593746e-05
-2.9339373690423584e-05	1.3868570917956445e-05
-9.431892592330437e-06	7.258569045175828e-05
-3.8245005623786244e-05	-2.240375207408724e-05
2.9445373184744297e-05	-3.523129603922516e-05
-1.8655082445327648e-05	-7.514661817105673e-05
-8.73201766033437e-06	-3.443457459058979e-05
-5.203119460967107e-05	-2.2350731980180188e-05
-2.6275870266648318e-05	4.7715233867689286e-05
-2.059563618016557e-05	-4.116156090432359e-06
-6.40327537124755e-05	4.407224545792209e-05
6.441219128007448e-05	1.0078822754160068e-05
-2.3626794126815722e-05	8.92028263507943e-06
4.7788598373325516e-05	5.7382394393546156e-05
-5.9325608319462666e-05	-4.1979083356776064e-05
4.154685447846887e-05	-4.471834828764424e-06
-8.438155289387753e-06	-1.901978451676608e-05
3.372599994555955e-05	-2.0898435070907248e-05
1.2451508906127146e-05	-1.971946155660027e-05
1.8140258313111272e-06	-2.9104205945976084e-05
-5.7799840942298456e-05	-1.8025981090722122e-05
-6.698773260748045e-05	3.437583105179525e-05
1.5591937551506649e-07	2.331824836209303e-05
5.352478707267519e-05	2.308583046344977e-05
-6.542359222839215e-05	2.6202457001138874e-05
-3.03919488171277e-05	7.379654373117438e-06
-5.8293724084053545e-05	-6.553519979834951e-05
-7.808361142843333e-05	-4.481925960913946e-05
-8.16000583708032e-05	3.479629209058288e-05
1.5194345253475962e-05	-7.748687641463726e-05
-7.834837313675212e-05	4.477775594232702e-06
-1.3933555847116355e-05	4.489551684661319e-05
4.939824507323336e-07	8.837800134906675e-06
3.231057420462931e-06	-8.217612613918598e-06
2.3991264757015144e-05	7.107737923972171e-05
-2.2042059820324404e-05	-3.208253845589541e-05
4.445683859902314e-06	-2.6226816590251297e-06
3.236472579693255e-05	-4.603048619244864e-05
7.874525470073539e-05	4.407262004427048e-06
5.1654954045937016e-05	2.076614165221638e-05
-1.507390953860594e-05	2.0960101769174938e-05
-6.966312807482684e-05	4.57278228280157e-05
7.109206770691179e-05	2.758411310143722e-05
2.11307864269888e-05	8.75478048265745e-05
7.870910557643906e-06	-3.563136180429554e-05
4.595456506823572e-06	6.316263854320472e-05
-3.31939211197226e-06	3.21667125168661e-06
2.4811590878157882e-05	-1.9234380539405924e-05
2.7969337330900642e-05	2.7916551794057337e-05
1.6640906406918912e-05	8.9359170772946e-05
7.199751209275769e-05	5.034658985840657e-05
4.561295134917511e-05	4.4048987898412145e-05
-3.6851434150553266e-05	7.589335545989463e-05
7.469975871932251e-05	7.362016318360061e-06
3.0092285867994867e-05	-3.155624161859031e-05
-9.26226592206061e-05	-2.0134003819045494e-05
1.7655567381121964e-05	1.2718951913473711e-05
9.490405688359878e-05	-5.976384602017683e-05
-3.988560295047737e-05	-2.0307333431497372e-05
4.597772234892286e-05	1.1754594147454004e-05
-7.117422275125455e-05	-9.337928319280756e-06
-0.00012640445280321335	-2.2859315223343656e-05
-4.847067540130741e-05	2.0242679079257636e-05
5.894905792622946e-06	2.4167972733310544e-06
-2.7516615939473252e-05	8.764290825807517e-06
5.847308231383034e-05	-6.67116442042794e-06
3.424359170470234e-05	2.5840624366700523e-05
-2.1812642460516865e-05	-5.5885829655207265e-05
2.0354429155404636e-05	4.268810614513885e-06
-5.827025876442641e-05	-2.0113321084796435e-05
-2.816049415020754e-05	-1.3551217129932e-05
-4.045906395521122e-05	-6.675127256933069e-07
8.279374172101125e-06	3.7204272606216346e-05
4.165867163756982e-05	4.421956004150199e-05
-2.7434162724201472e-05	7.085620673848107e-06
2.6996178433671525e-05	-1.5394445907118354e-05
2.304756994344649e-05	2.9518048015307595e-06
2.7375433832598926e-05	-3.655166256487549e-05
1.6605691947541095e-05	2.8574822509558565e-05
-4.199368995250348e-05	8.468438474012175e-05
-5.465623570961129e-06	-5.871726664609834e-05
4.797085648386698e-05	4.34785989486038e-05
6.787539078207838e-05	-1.609119319697615e-05
7.845421098315275e-05	-1.537967747392093e-05
4.305212597811422e-05	8.848877371073225e-05
5.248264390436418e-06	-2.5267244456122378e-05
-6.0166611800591626e-05	8.079589616007568e-06
-1.334224449776561e-05	3.076245697352539e-05
-5.278692656059604e-05	5.905200585918714e-05
1.7532012746934416e-05	-1.750550237333585e-05
-1.8552168431153988e-06	-8.771839500679332e-05
1.585909631763344e-05	-4.729761216055365e-05
-3.928049568538334e-06	2.9995193108723033e-05
-2.1875805744111334e-06	4.301689485849347e-05
4.971768578884118e-06	-0.00010348915300283218
4.154385411439291e-05	-4.286678015635602e-05
-2.5570133387622556e-05	3.663102226856099e-05
1.0213974322671096e-05	-6.582957165285606e-06
-5.286045399627022e-05	1.4506368572233389e-05
-9.740562287848611e-06	-3.1582635104299064e-05
3.299129141364099e-05	3.059204555200115e-05
-1.3104253134882354e-05	3.267638030666574e-05
-4.242891460405353e-05	-3.135941964288542e-05
-1.4221469998753666e-05	-6.973389529021347e-05
8.32650430140534e-06	-6.89723268922992e-05
7.717966915898147e-06	-2.7363870190212357e-05
-1.167812980808433e-05	-8.229681411159675e-05
1.1031395822961129e-05	4.0867738027622895e-05
-1.1736956716059615e-05	-2.5430771938270574e-06
-7.330007411321439e-05	-7.836886045225893e-05
2.246545390704814e-05	-3.533420881917841e-05
-1.9604652998663298e-05	6.002249617596139e-05
-7.327364602672322e-05	1.3148143382447046e-05
-2.730496488090688e-05	5.632098952786921e-05
2.9554146224582666e-05	3.0756620739375044e-05
-4.775630010459852e-05	6.879895787760009e-05
-5.690626364243299e-05	-7.657453586735485e-08
-8.035343535826944e-05	-5.823785480060268e-05
1.649994435596181e-05	5.572405906330343e-05
-5.2486938394528375e-05	4.9793825179736637e-05
-6.57400347153833e-06	-3.648096616775177e-05
-2.6514133398173706e-05	3.786878485622266e-05
-5.536165101071672e-06	3.568132607571491e-05
5.1481723324553476e-05	1.3492300481084014e-05
1.4862338357676134e-05	4.242826598175346e-06
-1.509463877780375e-05	3.88830563397042e-05
-2.5038030016734784e-05	1.6505749659120288e-05
-1.313069966860314e-05	-1.8440650837371372e-05
4.999703645895196e-07	-5.125222194585345e-05
-2.7110675451451508e-05	2.0545470851520917e-05
-1.981665121440188e-06	2.4717661364736885e-05
2.3315023010924674e-05	4.68125748778535e-05
3.3978771755703186e-05	-1.2415966054830043e-05
-2.3344455765031464e-05	3.581360509496088e-05
-3.227075316424251e-05	2.1138787793395564e-06
-1.0166812308323742e-05	1.65350732305482e-05
4.202604062731794e-05	-6.303601472145754e-05
-1.940772168719998e-05	4.036827128314176e-06
-6.780787521984527e-05	-7.464891093647779e-06
-1.0966478016809161e-05	2.906310845049809e-05
-8.411690693556624e-06	6.56559108641445e-05
-1.4368611391515293e-05	6.005769799270373e-05
3.158573132186701e-05	-4.044718190746937e-05
-2.0704330233874416e-05	-2.096304583627903e-05
3.481684703590372e-05	3.4046528324085976e-05
-0.00011828389125980288	2.475264550395909e-05
-1.4362529194931629e-05	1.317473259615227e-05
1.764070400857215e-05	-1.682050661996809e-05
5.5741741604433334e-05	4.108215081382424e-05
5.3327777241272055e-05	5.9849139769902875e-05
1.9501740790299374e-05	-8.611504399275361e-06
-1.115181957790925e-05	5.472151354773478e-05
9.223444419260312e-05	1.5041803714363187e-05
1.2384026054459453e-05	2.5693869226937982e-05
3.6551413411961934e-05	-4.1893670609515185e-05
-5.174031788506174e-05	5.383385188043351e-06
8.161494819776761e-05	-5.881405210644253e-05
-1.072565454023315e-05	1.2498483155772868e-05
-1.3707034733198244e-05	3.7310633794799094e-06
2.1080682656015583e-05	1.668235742652498e-05
2.4652894092413882e-05	-3.650147359328684e-05
-1.9394835199500676e-07	4.319628118673823e-05
1.3577352078235694e-05	-5.971367967199297e-05
-1.2366056186134953e-05	-5.434511881647552e-05
5.136271412202315e-06	-5.81380072670561e-05
2.7165457401559155e-06	-7.958835515606089e-06
2.940027363396219e-06	0.00011271243082304998
4.237315473277259e-05	-7.975084670479039e-05
1.2230109854036488e-06	5.452447922294239e-05
-5.9128569586338334e-05	-7.979481277821147e-06
5.970523297512532e-05	-5.893760449550554e-05
5.365429399695026e-05	3.917111569305166e-05
-4.3710697780033203e-05	-3.3952475671920204e-05
2.4338430881768006e-05	1.0437427324909914e-05
5.393939198787357e-05	3.880950972241196e-05
-7.83545881781181e-06	1.2968937867283853e-05
-1.5014939962413406e-05	-2.3803328865899474e-05
3.59193161801406e-05	-1.4930068521407613e-05
-1.2183822406855405e-05	-3.0571176638977265e-05
-3.320261986335856e-05	1.2033790004695879e-05
-1.946359925362286e-05	-3.9515315053221335e-05
5.6265003863027375e-05	4.877959534429786e-05
5.824082123190637e-05	-9.186684686130346e-05
2.937184233790467e-05	-7.081263985356511e-05
5.7568915227352155e-06	-1.093431118812732e-05
3.304988933195233e-05	-1.457102155780031e-05
-6.368016183158685e-05	-2.3964895958577874e-05
1.445067649641456e-05	3.666923956884842e-05
-9.361325092320767e-05	-2.9959821200533076e-05
5.101111326843775e-05	2.4632623608287327e-05
-0.00011836347533254345	4.418692953189085e-05
-4.132335471819222e-05	-1.9419663381290382e-05
1.8269918348985037e-05	-1.6047149991716974e-05
3.245051195793397e-08	1.3823332377210078e-07
-4.882939087583195e-05	-6.442679970156697e-05
4.822085474816673e-05	9.355390340264744e-06
-4.113836192486302e-05	5.3595466991597686e-05
7.032808057964955e-06	2.080414156120382e-05
-5.678257954122316e-05	-4.3334479888891804e-05
3.4302337528482856e-05	-6.949870221407647e-05
2.8130977075279493e-05	4.952937487821954e-05
5.685314958276203e-05	-3.0859319196917884e-05
-6.37917145098854e-05	4.4960233694645093e-05
-1.5672033184159419e-06	-0.00011249187222783274
2.3118092729665263e-05	2.4841127057824512e-05
-6.045447916001182e-05	-6.5623600984198225e-06
8.320031658485713e-07	-2.9595242138567786e-05
5.7076457482931834e-05	1.2095414452252174e-05
-3.2861719303316626e-05	8.502718365844255e-06
3.080657399939101e-05	5.351411615317883e-07
-1.5159134991386684e-05	-1.1231130473613372e-05
-3.795878380216346e-06	-7.143898359020428e-05
2.475288190701248e-05	-6.188992368698054e-06
9.596560153178202e-06	-4.2090572062645517e-05
4.018880656214725e-05	3.633925046705772e-06
0.00011390339689210913	-2.499097859613943e-05
-2.2691684668972477e-05	2.931009785553975e-05
-8.345526749866821e-05	-1.336583634824051e-05
2.9727559575966776e-05	1.8992954727536572e-06
-3.20238670542638e-05	-4.407233355160285e-05
7.432459866859398e-06	1.515622532640898e-05
1.089006929817111e-05	-6.717586673531874e-05
9.036439818421221e-05	-1.0649086058036412e-05
1.6393975623519195e-05	-2.180680730093101e-05
-3.617807376707127e-05	3.7316091666100986e-05
-2.528529295554696e-06	1.3906679865280679e-05
9.112904047431937e-05	-6.0214236502895325e-06
5.321792966287565e-06	1.2948288653790336e-07
3.366131203518494e-05	-3.487843758467625e-05
-1.843157172630248e-05	4.005328000615297e-05
-1.9143184328112916e-05	-1.6373431799045115e-05
2.931306847964705e-05	-1.8478538090555994e-05
-8.060341973264392e-05	-2.8372094974055346e-05
2.0798550398510012e-05	-5.814968252287419e-05
6.982814556485795e-06	-5.8643499728676396e-05
-1.0696219565328786e-05	-4.61566863016983e-05
-2.2130179768583496e-05	-2.9642198014571704e-05
-1.560309020027476e-05	5.3621832952227924e-05
1.4703610003148796e-05	-2.754615517265912e-05
7.187696569463411e-05	5.288696163040712e-05
-6.816377487145814e-05	1.9295956148790555e-05
-5.961990861704046e-05	1.2624984974463789e-05
5.512835751895191e-06	-1.5753245018404196e-05
-3.073891120272334e-05	6.298609258708153e-05
4.513078395389549e-06	1.3077554292091227e-05
8.388079855517894e-06	7.204486518110295e-05
-4.275822426710006e-05	-1.444170130315e-05
-5.3712979939405056e-05	2.2931090634646226e-06
-2.3903148059516336e-05	-2.671691348040594e-05
-3.0847658959586446e-05	-2.34330910204203e-06
4.571314530580852e-05	-4.124098151516155e-05
-6.804898426459e-05	3.7723322568066307e-06
-7.872154269127444e-05	-1.4480317915207316e-05
-2.1718658168058836e-05	2.6187697913009657e-05
-9.170268602108119e-06	2.3241666762141315e-05
-2.7892853532391883e-05	9.808165308432812e-06
-3.0115577987595236e-05	3.318811913056194e-05
-1.2554294609596537e-05	-5.5568129271071306e-05
-3.0938952265824463e-05	-7.135965866388348e-05
3.042422104194111e-05	-2.5473255075524357e-05
7.462138809521099e-06	-5.6559007994049994e-05
1.1833926079886274e-05	-4.463086039123923e-06
2.8966166572690777e-05	-2.1833371452694554e-05
-1.2618922588965792e-05	-7.203203454732774e-06
-1.9143115047417322e-05	2.481371881292287e-06
5.041419871162313e-05	2.3509120430018742e-05
5.349257160527956e-05	0.00010850819339686832
-5.563586666642282e-05	-6.0492959105857996e-05
7.968306680100886e-05	2.379746615927047e-05
5.3569853291810645e-06	4.264927183261355e-05
4.236687328048128e-06	-2.80693429334421e-05
-3.628684978195786e-05	9.083196402077766e-07
1.2613049760754962e-05	1.361582771220403e-05
2.13099772811696e-05	-4.0094375167981045e-05
-3.635756296411286e-05	1.18105348098349e-05
4.368415516331595e-05	5.7576420287424227e-05
-3.32585237088867e-05	-4.5851169264221487e-05
-6.838427837422761e-05	-4.509563268605461e-05
3.9700272261229284e-05	1.4056561608336178e-05
6.130152440764604e-05	-6.733460913112291e-07
6.465495129184319e-06	-4.439564354017023e-05
4.1396938932232285e-05	-3.799802330267884e-05
5.362712228998674e-06	-4.8305010407162774e-06
-1.6658721961881e-05	-1.329219511299799e-05
-5.2538117806520065e-06	-2.97277632548571e-05
5.7658727927569915e-05	1.6720309679667705e-05
1.1178237361542588e-05	-6.363884663608638e-05
-7.408803023502122e-05	1.4265373441819599e-05
1.1175561430236169e-05	-4.4331166071905664e-05
6.791503970366178e-07	-5.6332659564141005e-06
-4.040595120052987e-05	-4.3451993277840885e-05
-6.472386834175997e-05	-5.151016979784285e-06
-3.1935538099818005e-05	1.7678969310843063e-05
-1.1996035790924425e-06	4.0867673122214265e-05
1.2757157149689075e-05	-6.142804858433101e-05
2.037203397649368e-05	5.966398617397598e-05
-7.457913305550511e-05	-3.3849428083061025e-05
2.0945321888223412e-05	-4.0165135712012414e-05
1.011393937374008e-06	9.132891354345469e-05
5.524792329351214e-05	6.059584231035314e-05
-1.4100677070506876e-05	-4.7477029828852136e-05
5.019949254197003e-05	-3.157398285098346e-05
5.792331590691895e-05	-6.964245553349525e-05
4.0938212328225464e-05	-1.0390420944512522e-05
3.894471031422657e-05	7.70598473510975e-06
-2.5669983913152007e-05	7.332545377839649e-06
-1.0934163740872441e-05	6.89162254233822e-06
2.586848438873656e-07	-7.979390300283018e-06
-2.423540852014988e-05	2.621412988782372e-05
2.1965660543482068e-05	-7.157723710392662e-05
-6.674095901711068e-06	-9.129245452553014e-06
-5.344244605139207e-05	6.863410064067011e-05
-1.0879599373424089e-06	4.750634808125799e-05
4.1546837788004835e-05	2.6816780079371963e-05
5.595633946116984e-05	-9.173233073815105e-06
-1.0819437401185956e-05	3.544032387867807e-05
-9.069952320589296e-05	6.101923761936737e-05
1.7649631615412383e-05	-5.614162699606638e-05
-2.6740330873402385e-05	-1.5200527015507134e-05
-5.4545231086745903e-05	-2.869264333978576e-05
3.7551166369995e-05	9.214926410096214e-05
2.2697830699211e-05	5.1993078654742436e-05
3.093008759854958e-05	1.1134116575894424e-05
-4.41635581007815e-05	-1.7187965682749138e-05
-6.442969698626017e-05	-2.9995026258507582e-05
-7.19653237548942e-05	-3.82421136071744e-05
-3.644299915573311e-05	4.531898595745825e-05
-2.6684652781712417e-05	-1.6332480349571255e-05
-1.2598478702559069e-05	4.21875398110203e-05
6.07310526392322e-05	-5.821447125781703e-06
2.4467860567035463e-05	1.0804771554669059e-05
-6.794022029384986e-05	2.696383897888993e-05
4.9423410533423355e-05	-1.5168187245830712e-05
4.0976255387155836e-05	-8.329254163100103e-06
1.7523480592640779e-06	4.026487318685064e-05
-5.405121115874498e-05	2.876319105536202e-05
-2.187546934430399e-06	5.032886818593242e-05
-2.9027925117758615e-05	1.7440944214897945e-05
-6.9914333908644885e-06	-1.3665737720034936e-05
-2.486451277487512e-05	2.6999105761611732e-05
-2.0554229399274343e-05	-8.206747593082411e-05
-4.715647232402948e-05	1.9933970858661324e-05
-8.49163575151393e-05	-6.450606188914723e-05
2.170707583186342e-05	-1.1260650330020078e-05
-1.7287971135959405e-05	2.587607135227722e-05
-3.35203779753392e-05	1.2959924487063742e-05
5.0578976196492744e-05	-5.398168112455727e-06
-2.558473422194378e-05	-4.978209029378078e-05
-2.2994785204260194e-05	-1.1475346576603578e-05
-4.7602044553117966e-06	8.341700958573327e-05
-3.269423063737417e-05	-3.7895251449651996e-05
-1.2612177887652109e-06	-1.002885523688317e-05
-1.0854829275940294e-05	5.177449027307224e-06
-1.4027187877877951e-05	-7.434116826935259e-05
-3.551071706061909e-05	1.3924448250670032e-05
9.561273206539449e-05	7.738283865615954e-06
2.7860403852890637e-05	-1.2554324056467035e-05
-1.0228457860887285e-05	-2.9854029048946587e-05
1.0143274834958498e-05	3.2394222597777425e-05
5.90317863733048e-05	-4.302243380328469e-05
7.130958353810506e-05	-0.00011228003907035306
-1.4977013539868678e-05	1.506521008838965e-05
-0.00010268064007581085	5.850562545712302e-07
-3.9659377076155776e-05	5.2192994376756504e-05
2.28153051047082e-05	-3.162678408573471e-05
-1.5844346577372703e-05	-3.0519350794997455e-06
-7.140946709719895e-05	1.7305416149242685e-05
3.3312045747119043e-06	3.656323398043196e-05
-7.087743538641069e-05	-2.0619037193830623e-05
-7.201651493094144e-07	3.290597480939556e-05
6.480597916567713e-05	-5.033461093365402e-05
-6.9593793638862984e-06	7.98238053811402e-06
-2.491148895629029e-05	-8.030649180809144e-05
-8.57220935586131e-05	2.4061871184399772e-05
4.037073815191355e-05	-0.00010135469236556911
-2.0789629370909837e-05	1.8678608677205494e-05
-1.69053359794014e-05	-2.7069620677617346e-05
-2.5481816541157093e-05	2.755185655978504e-05
1.3753933184246741e-05	6.952505710407609e-05
6.150569768094805e-06	9.393734321088898e-06
1.0728452983841836e-05	3.115941551733293e-05
-0.00010514156592457503	-4.680687384463413e-05
-4.626573754840835e-05	2.007516043452596e-05
-5.52655397131548e-05	0.00010595309371689809
-7.23312382285532e-07	2.030747800396291e-05
1.7226197024172456e-05	5.398087160368312e-06
1.4994507331289232e-06	-7.467882854572639e-05
5.14593648766825e-07	1.900489328106809e-05
2.458223162309533e-05	2.2400872978601702e-05
-7.082444611687928e-05	5.3424862871650605e-05
5.819368873858913e-05	5.125224406491078e-05
-2.472043252521153e-05	2.645512186175882e-05
8.325242991275752e-05	-4.97498870329042e-05
-5.032313662225125e-05	2.2697276969799732e-06
4.275815342871092e-05	-2.0913094520668762e-05
-2.830736589366445e-05	-5.9607986980264404e-05
2.2097932701960406e-05	-6.530877717289126e-05
6.250632653377853e-06	-4.504131281745513e-06
4.6318690871401326e-05	1.0320960331748303e-06
1.3395368886932165e-05	-5.58564823272884e-05
4.368943125738981e-06	7.098596933818e-05
-2.64375609325039e-05	-7.989766412552067e-05
7.75288058825363e-06	2.242433672802644e-05
3.795389009315314e-05	8.287324035598143e-05
6.133386744099392e-05	-4.163798212453732e-05
3.714553016916632e-05	9.823053366982839e-06
2.5514242812912978e-05	-9.684908855754256e-06
-6.53793978035304e-05	-2.4667804305393705e-06
7.394682763153037e-05	2.528194460520838e-05
4.08941769789907e-05	8.708701202269363e-06
1.9939953093177114e-05	-5.8323195489360076e-05
3.461981786553465e-05	-1.76025909288077e-05
2.608175195249913e-05	-2.4958902496223168e-05
-4.1558577118141956e-05	3.356711235440169e-05
5.3419043593800205e-05	-3.2400490547447653e-06
-5.4303428482761775e-06	3.538153690740317e-05
-2.7554878026765915e-05	2.1733282844802044e-05
-9.107615701335766e-05	1.8549024129446618e-05
-2.7663658148080898e-05	3.3229276667156094e-05
-4.375775621251434e-05	2.980389809423745e-05
-5.264284077291611e-05	-1.4674065723835488e-05
1.3148352183891611e-05	-3.973274705289805e-05
-2.7520277543233046e-06	0.00010692625115037342
-4.3190394921547224e-05	3.8124515592020185e-05
5.7988056020719464e-05	4.501553578205518e-06
-4.1705537515948683e-05	6.399474284941302e-05
2.4191365551333272e-05	3.8192020690369126e-05
-2.2221441569390153e-05	6.035765035466516e-05
6.221581580256968e-05	6.3860303094175424e-06
-2.433232927614878e-05	4.9614508159062704e-05
1.391262871505823e-05	-4.2341869270079174e-07
2.299144552650231e-06	1.3506885761565402e-05
-1.600312903850329e-05	1.987808429937716e-05
-9.799489706972919e-06	-0.00010810245410331695
6.903109748201627e-05	-4.568857199919324e-06
-3.4899279159875316e-05	-4.5545519614988974e-05
7.736318035653854e-05	2.2698052755119926e-05
4.55807082659481e-05	4.0567918243166013e-07
1.4553386274801803e-06	-2.4814494604471918e-05
3.7492407876943306e-05	2.479692748179258e-05
-1.904004047539095e-05	7.600064278670272e-06
-8.989702214880163e-05	5.4789070599364815e-05
-7.817847305621954e-06	8.196479592935253e-05
5.744122478037444e-05	3.3014577045342654e-05
-3.109463753785246e-05	4.972900873529376e-05
1.3683148590201154e-05	-1.0754960704638921e-05
1.1927957718624593e-05	5.0860990161804935e-05
4.70097692838665e-05	-9.239020197047439e-05
2.958637576637478e-05	9.78354078785174e-05
1.956953150300579e-05	4.6441987140592105e-05
-1.1839896034174372e-05	-3.417617046206197e-05
-5.1061159458005175e-05	-2.0857371618731254e-05
-4.074420847117619e-05	6.881041746801502e-05
3.166482104427553e-06	-1.2848850495639567e-06
-5.8164522186185386e-05	7.748967457007598e-05
1.0055152526079682e-05	-7.339412985769404e-05
-1.8987288340426835e-05	-3.421140224240232e-05
-1.8190489642683634e-05	1.2069164437550401e-05
-4.486559401962857e-06	-3.6528078840587135e-05
-5.445112296201985e-05	-1.9181326665654824e-05
-5.900762990443762e-06	-1.1539847667477974e-05
-7.503392954899865e-06	1.2892323684585755e-05
-2.6866818219324556e-05	2.9830302037838564e-05
9.555463276675668e-06	-4.764175030548636e-05
-3.550479904312853e-05	-1.905796906783546e-05
-5.4033438771135476e-05	9.466680661986298e-07
3.272057138789964e-05	-5.5712198448913875e-05
-8.132274095675769e-06	-2.6637273499817665e-05
7.285006144871249e-05	4.8126920560294835e-05
6.38565149277461e-05	3.287653870926139e-05
-3.0703623878946314e-05	-4.44870687175669e-05
4.0808889848333805e-06	-5.689035049167349e-06
9.89143927710343e-05	-5.795082435938961e-06
-1.1513588318510587e-05	2.6987447579731142e-05
1.1745840964778724e-05	-6.224238351561128e-05
7.955056963768431e-05	4.180796332947701e-06
8.395496899720114e-05	-3.581174609398053e-06
-3.624564361117083e-05	3.2203236990605425e-08
4.629222726342204e-05	-3.736930265621267e-06
7.318030069705015e-06	3.718376375298423e-05
-4.519864746920644e-05	6.365641943434255e-05
5.293116160411911e-05	4.990560915505557e-05
-4.19935743613967e-05	-3.195622327513861e-05
-4.690671138836856e-05	7.62606603720196e-05
4.226422219785038e-05	1.4615297383279252e-05
-3.6545728392110336e-05	4.884413465989322e-05
5.482456224643198e-05	2.0213300760343552e-05
-2.1474683592663647e-05	5.777341416426285e-05
1.0743286365620387e-05	4.382249759503286e-05
1.1669254245036997e-05	-3.899490414568411e-05
-4.345195178726753e-05	6.597917579001572e-05
3.533447883389272e-05	-1.926062265386067e-05
-6.4091676799006e-05	1.2316213944137488e-05
-0.00014084645647358294	6.110144404868307e-05
-2.2902563139826668e-06	-2.2350945291329026e-05
-2.1477701614025136e-05	-1.631734176816187e-05
-1.7246614300952246e-05	-3.423170575629789e-05
4.55807254864108e-05	0.00010743219633315467
4.445755892209682e-05	-7.242678269256395e-05
-1.7793553437991948e-05	2.9204286554940756e-05
3.6392625777280925e-05	5.4127562323352604e-06
-2.7501810161214055e-05	-3.871266205206618e-05
9.120838315866865e-05	7.533185997508928e-05
-8.134427815497854e-05	-2.8048747037900177e-06
-1.1528061515036968e-05	-4.45730292290225e-06
-2.284464174786379e-05	-2.5152836804947037e-05
3.269289099762388e-06	2.295929976210703e-05
5.411289246636344e-05	1.1219519383304948e-05
-4.3543020944288024e-05	8.579303314792411e-06
-8.679360327418632e-06	-4.554093676485637e-06
-4.237318042518716e-05	4.0894081773147375e-05
1.0158113996649163e-05	7.682530972156554e-06
2.4326578992694217e-05	5.0387675088069224e-05
3.6013578828744235e-05	1.1854588599783612e-05
-3.9541769070184754e-05	-9.887721773311802e-06
-4.995544495888394e-05	-6.736095783767114e-05
3.538138935805273e-05	-1.7232175298868944e-05
-4.0611859484638985e-05	-2.9054355610048458e-05
-1.1034284592521026e-05	3.280281185742815e-05
-1.2698303479389889e-05	-2.8042693744349016e-05
1.4339092432313227e-05	-2.7313926193290717e-06
-1.6491326087354423e-05	3.4237772497691355e-05
5.113180431167815e-05	-3.364969830067796e-05
1.0060983790649434e-05	6.017246240778195e-05
-3.801285774815967e-05	4.630589840847233e-06
-4.1840914016039266e-05	-1.5494432551050622e-05
8.14000881392433e-05	-3.541952603119163e-05
-2.387669174502507e-05	3.486105758868219e-05
1.4415472951897984e-05	5.597807328227209e-06
-4.927068207960343e-05	0.00010643811921150517
-5.558287128692365e-05	0.00011786931074466486
3.551639199691415e-05	5.2163532785835376e-05
4.0447148720126736e-05	-1.759650957131903e-05
-3.5151964271120244e-05	-5.545646362775247e-05
-2.534976668441865e-05	-1.830224225132668e-05
-4.650392833361107e-05	-1.2139713241817609e-05
2.7916401089349642e-05	-9.3671162625106e-06
3.259422793448115e-05	-1.484744338189746e-05
-3.8045405211531576e-06	5.639105628499743e-06
3.30206191876229e-05	-3.810110134922372e-05
-4.615990513606585e-05	-1.0380073498185018e-06
-3.076851423844314e-05	1.6376421726765458e-06
-2.8522102652387894e-05	6.185710395695043e-05
-4.416936618488416e-05	-4.946744927694965e-05
-6.2994884599247e-05	-0.0001334285475112539
7.932570960119322e-06	-7.535239230928054e-05
-0.00014258101687555162	-3.585486116637937e-05
5.2519348356994573e-05	-8.850386621685425e-07
1.1231218000037642e-05	-1.6535313603488193e-05
-3.3258630711388e-05	-2.1457025883420774e-05
2.801958831548558e-06	2.9324685906587583e-05
4.36344043151653e-05	3.04772395587561e-05
-1.7229845090262537e-06	6.0565370947281625e-06
-6.874305830198561e-05	-3.549608651202707e-05
3.177691639829918e-05	2.1671568457236994e-05
-1.6926269971275526e-05	-7.018367011659725e-05
-4.267597357306738e-05	-3.5734244571676246e-05
1.4218364246353902e-05	-5.170202319419084e-05
-6.572042445167329e-05	-6.929986662730895e-06
-4.615389363574732e-05	4.080991497677367e-06
4.1102894760268e-05	5.2848754600625664e-05
-8.088265095824474e-06	5.168434872626468e-05
3.3667363750117844e-05	7.032739609311394e-06
-1.555614528394835e-05	4.347842048988761e-05
7.033658034445631e-05	-5.0931733150575525e-05
-2.4297084440620133e-05	-7.022770855042623e-05
2.7119589512756277e-05	-5.841958492232443e-06
-1.3574681381845523e-05	5.7485289409246726e-05
-0.00012145341143622949	-4.459271765437159e-05
1.4191970198920513e-05	5.380710347547482e-05
5.759711807350151e-05	-2.419120220967955e-05
-7.868061303094456e-05	1.988387125015694e-05
2.134813125310414e-05	-2.8072351340644578e-05
7.614598404736079e-05	-2.2383118571918274e-05
-8.687777473358512e-05	4.4184032734531824e-05
-5.689423438564444e-05	2.0665974861561657e-05
-1.8854917827322058e-05	1.635882278435292e-05
-1.0687438302904897e-05	5.559850768792553e-06
5.330338939133508e-06	-1.9055000095879752e-05
-5.637383013458946e-05	2.050431610272833e-05
-2.577907427625573e-05	7.212129307111792e-05
-6.619390653963063e-05	6.447086111048531e-05
4.425179603237456e-05	-4.371068030256629e-05
7.844818839590847e-05	-3.385835937241387e-05
-5.607988386197409e-05	4.613615682708347e-05
7.024814602741688e-05	-1.3524206716666565e-06
-8.308586004967134e-06	-1.1296009622434788e-05
-5.9021329563849887e-08	2.6234605181071085e-05
1.0443198430771399e-05	-2.519091301607298e-05
-4.75005935401887e-05	-4.716063086957935e-06
-2.692276817237425e-05	2.444110721660383e-05
-2.4852699447009807e-05	-7.854831868144868e-05
4.530608656004324e-06	1.7759482412851564e-06
6.264518156664581e-05	2.450282470655995e-05
-8.879253608756328e-06	2.8192660525691184e-05
-1.5329858638174482e-05	-7.284155309034802e-05
3.758059212097111e-05	1.8687404843275246e-05
-3.7977346692950484e-05	5.972271282529862e-05
9.149657922685262e-05	-5.10345216496457e-05
-5.9937267421924725e-05	4.220239742708262e-05
-2.8760268560425525e-05	-4.168206365400673e-05
-8.650696797064978e-05	2.20215267513744e-05
8.052991997667377e-06	4.799449792188789e-05
6.012580861191885e-06	-7.920693507415063e-06
4.3916567568480534e-05	5.644745160544001e-05
-1.4888736264667781e-05	-1.3577655622845138e-05
0.000110942491351925	1.690559074169308e-05
-3.549892546167928e-05	-1.1407675963426171e-05
-5.79271769564246e-07	5.158146834441442e-05
-2.0880635640395215e-05	-4.103519929814943e-05
-7.274142921952863e-05	-2.4388157321447655e-05
-2.9777477380683787e-05	-4.070306154462966e-05
-3.820108007767507e-05	-1.5885552950245007e-05
-4.118536534850081e-05	-7.256803570339379e-05
-5.950791025017328e-05	-2.92952380761804e-05
-4.0038451351379704e-05	-2.3841538916815e-05
4.583068555434599e-05	-8.935316635099115e-05
3.330844708159098e-05	3.923289631641327e-05
3.4737391276736234e-05	3.562236325866935e-05
2.5058772974482025e-05	-1.1542916208032506e-05
3.170337102478975e-05	3.537262041792776e-05
4.155859000346198e-05	6.827848786518079e-05
4.3766560495643334e-05	-2.8871914416889856e-05
5.26545534518845e-05	1.2408947671356875e-06
-7.298265453374768e-05	1.1516373796586053e-05
1.4747550565812665e-05	4.728015481921972e-05
-7.2328160620649366e-06	-4.4431057917061347e-05
-2.442947696236596e-05	9.398972455353212e-05
1.7761396519112095e-05	-7.99118748135113e-06
5.9554961627227126e-05	-4.899988900992192e-05
7.697130450383915e-06	-7.241219525065333e-05
2.368276010828169e-05	-1.7267266017460405e-05
-1.9004970273752124e-05	-1.7796354869609535e-05
-7.600214289246896e-05	5.1687319817507975e-05
-7.851886116933369e-05	6.071930323102701e-05
1.728494565499574e-05	-4.897653470745524e-05
3.2607095145472557e-06	-1.9107941567403755e-05
5.8834945013016414e-05	3.242958448022129e-05
2.906905270782235e-05	-3.064485498385708e-05
6.381531117455876e-05	-7.092155912877841e-05
1.4183175869494726e-05	5.611497115448183e-05
-3.146518569990509e-05	-2.3576907942541838e-05
2.075706865923472e-06	-6.122214561984445e-05
-2.770763611671895e-05	-4.154597609766337e-06
3.904478047908605e-06	-5.169903994059023e-05
5.226351485862989e-05	2.7325598152546842e-05
-8.418152212665609e-05	3.47257555416492e-05
-3.972095456951711e-05	-0.00010115491265027313
2.2071549995242938e-05	7.310604651624416e-05
-0.00013110290011074705	-4.448403319659524e-05
-2.8872331464456874e-06	2.8107526644196745e-05
7.122728854810749e-05	2.0527735177449095e-05
4.521904742446193e-05	-2.500285720916732e-05
-1.8669783369836047e-05	3.5546394052877917e-06
4.587466105967511e-05	-1.350675333077967e-05
-8.062995191367434e-05	-5.693245487720884e-05
5.5080207629674306e-05	4.3807833194940785e-05
-6.066919209087281e-05	-4.0382555974736654e-05
2.050121095276488e-05	-2.7795809251326507e-05
-3.8336321273062414e-05	2.812518322324195e-05
6.020480421501869e-05	-3.852425170543312e-05
7.475545936741528e-05	3.3193876571436428e-06
3.810395559969216e-05	1.7632101622996625e-05
-9.767146694553033e-06	-2.046921049157052e-05
6.882823002902516e-05	8.764312225395833e-06
-5.889652640116452e-05	-1.1548991987500459e-05
-1.0022756197091619e-05	3.470211394804921e-05
7.439095304906587e-05	3.804826382796946e-05
-8.30877173487676e-06	3.909466281957453e-05
-2.0536843783576336e-05	2.738710366348844e-05
4.1961456939701056e-05	-5.379532539496086e-05
6.320602080105861e-07	5.894991229417956e-06
-3.464916499656303e-05	8.605653267544968e-06
-3.598406873091946e-05	5.118445451069953e-05
2.235072867465568e-05	-3.83714447415579e-05
1.767592639226754e-05	-2.5312296244719925e-06
-1.5329726213643323e-05	-1.3612222168990457e-06
7.767201627158145e-05	-2.1821591107662987e-05
-6.001666480962513e-05	-5.845039627101481e-06
-2.5355687584213304e-05	-4.055884177813303e-05
3.452270639096282e-05	0.00010775238015930888
-1.120190193164355e-05	4.184387615805084e-05
-2.831923355725856e-05	-1.5697400431423326e-05
-5.520072114857311e-05	-8.041383220958028e-06
-4.2328873843218975e-05	-6.159702549113346e-06
-5.722356692845978e-05	-4.916169891408984e-05
-3.420839582775135e-05	3.0709712833306644e-05
5.05405583102237e-06	-3.307680361919472e-06
-2.6903098426948137e-06	2.5384962729585135e-05
-3.322638170427223e-05	-0.00012273820626362752
1.5226702819478596e-05	6.908988323516861e-05
-3.925006271219907e-06	-5.231965178602341e-05
3.2062150877205924e-05	-2.5696782104103516e-06
1.1084356341341357e-05	2.041904061059257e-05
8.201156320921944e-05	-5.349240181168417e-07
-6.5241287773159725e-06	2.0016276568742306e-05
3.529024048701863e-05	-2.158342425136019e-05
4.809436673016182e-05	7.484073534856051e-05
1.886963045959085e-05	7.138598098550493e-05
9.896503077306014e-06	9.050879182873392e-05
4.117050119448265e-05	-8.1764145545158e-06
-3.536063598774923e-05	1.7928755282207946e-05
-1.0025613185876112e-05	3.73482894569175e-05
1.5741552028330386e-05	-7.982731011917918e-05
-7.70314084080672e-06	-2.825459550591278e-05
4.657044577094965e-06	-1.0117022495023388e-05
9.802644570598662e-05	-7.700175673962739e-05
-1.644104722759773e-05	-4.870025663412866e-05
-1.3797747972633548e-05	-2.161873427745188e-05
-3.174738857036719e-05	1.331882197847105e-05
1.126045082019845e-05	-3.5510565244089894e-05
7.2561942027377445e-06	-5.652085643228019e-05
1.890791182184166e-05	1.3551097473702739e-05
8.238132025436805e-06	-1.3142469776024016e-05
5.916400930221914e-05	2.6137143304610025e-06
0.00011664640255016063	2.274763967445409e-05
-1.4935911929523352e-05	3.379651995793212e-05
-1.26895522304939e-05	-5.9619799236057015e-05
-4.239665721409042e-05	0.00014025265088669388
4.771502359220824e-05	-7.84715513023565e-06
5.0364125854780916e-05	-1.1386967956860331e-05
5.667370298986723e-05	1.8141504183389951e-06
1.4829881405247873e-05	9.097889621435847e-05
4.3684362697616085e-05	-2.666960149725211e-05
