1024.0	0.0
5.0	0.0
350.0	0.0
4000000.0	0.0
4.0	0.0
8000.0	0.0
12000.0	0.0
6000.0	0.0
3000.0	0.0
16000.0	0.0
6.541775100525761e-06	-7.200341934852357e-05
-4.080279971804372e-05	3.5721105211475527e-06
3.1077069254956364e-05	3.081835116820091e-05
-6.570283533898233e-05	2.54920091898028e-06
2.014867182350236e-05	9.714138373512227e-06
-8.423484613026834e-06	-2.552907110294377e-05
5.370717305171493e-05	-7.99183005698738e-05
-3.6869187114248184e-05	-6.477186517692881e-06
-3.21442617006902e-05	2.3127002724770734e-05
-2.4403151323910857e-06	5.009794867454919e-06
9.647417064597905e-05	1.7041006476291984e-05
-1.7749704922040054e-05	6.96500801599826e-06
-5.2972106032314677e-05	-2.256260470413188e-05
5.442179353692342e-06	-7.6472703310777e-05
3.146503837090551e-05	8.961488629182219e-05
1.638233429944086e-05	7.803201484245512e-06
4.572753481499589e-05	-1.3074651611981423e-05
1.893434117444449e-05	-3.078899031209556e-05
4.3534123470894045e-05	1.6640949267530013e-05
-3.0691960810488674e-05	1.4344811019910472e-05
-2.1933305590452233e-05	1.7323003091641306e-05
2.5285176702848913e-05	-2.116596184552184e-05
-2.7672380240151318e-05	-2.002234697649344e-06
-2.9042471446649783e-05	-4.065887771931298e-05
-3.236775305772688e-05	1.7526162708295894e-05
1.3230366897336638e-05	-6.612358265896653e-06
2.09865441898461e-05	-4.987036059656791e-05
-1.76848808172436e-05	-2.8754457133161632e-06
-9.226018191615263e-06	2.955999075023601e-05
6.923977661857517e-05	-1.356867855242213e-05
3.865963765051371e-05	2.7566553460404744e-05
-5.495080296095871e-05	-2.4270742433943625e-05
9.120146001658054e-06	-2.3015215349177332e-05
1.0184661015399629e-05	-2.334635028615206e-06
2.478513053537823e-05	9.881167864264006e-05
-7.0327039165086524e-06	-3.883607061719835e-05
-7.417950420689292e-06	2.9439391125978014e-05
2.8595628575603842e-05	3.751728681583756e-06
-7.39556988387784e-05	6.824115538805138e-06
2.8060427906827904e-05	-7.791600800004745e-07
-2.2350629538005328e-05	-8.779345271848362e-06
-1.8399465408396644e-05	-4.494268246102607e-05
3.6034073730021574e-05	-2.2565667376161297e-05
4.9305869407721146e-05	1.9248879977381744e-05
5.256922111799829e-05	4.112937576066917e-05
-1.2657303985095011e-05	-3.079193493669853e-05
2.754611609632973e-05	6.002833634921892e-05
1.1713453968805436e-05	2.21069938500137e-05
0.00010941344256662418	8.07361388113575e-06
2.5311581956170193e-05	-4.219066918463638e-05
-3.637218822325725e-05	7.060984012876656e-05
-1.5756175392750802e-05	4.8235507446856455e-05
6.943089087876288e-05	-3.3067519962556274e-05
-3.0230383034187877e-09	4.1799633861111545e-05
-4.468894604724134e-06	-6.126904749390003e-05
-1.3613928837845887e-06	3.5999025686731874e-05
-8.607498890486876e-05	-8.538111737199487e-05
1.2172494295997692e-06	-7.382053719279563e-05
9.505441372451055e-06	7.33326392591524e-05
-2.3344774110109307e-06	-1.1634073299812018e-05
4.21311987223609e-06	-2.4979323628602174e-05
1.2786466744300955e-05	6.933686199276468e-05
5.933331454519754e-06	-4.1572680043146215e-06
-2.0080951994268858e-05	-4.8979437262050346e-05
1.5112133466381822e-05	6.76254131272861e-07
-5.189903576233374e-05	1.8984332526571226e-05
9.01435878132798e-06	7.032635388625393e-06
-3.429948359184676e-05	3.246770747135623e-05
-6.633025176439379e-06	-1.2304329433690394e-05
-7.869516635352455e-05	-3.257366048333958e-05
4.149377013776687e-05	3.561956119802985e-05
-1.2612722148195653e-06	-4.083816445738214e-05
4.692718103176171e-06	-6.216873269462862e-05
-3.064466945736149e-05	8.375223800557286e-05
-5.6232771165517985e-05	9.552123001054066e-07
-8.315251495581756e-05	1.5441533803057604e-05
1.2113230270865453e-05	-1.139881730437916e-05
-2.0990441490502025e-06	-1.6970553660793995e-05
2.624660112296012e-05	-9.303127132385727e-05
-3.825667487624885e-05	-2.599073165416676e-05
3.0048518394295814e-06	-4.4516213133905055e-05
-4.2781669043512997e-05	1.5212221496662904e-05
-6.886340409222171e-05	-8.320589827755376e-06
4.0982393177439494e-05	-3.548721908082308e-05
2.4026663545928188e-05	0.0001011607235996658
-8.198223912415817e-05	8.294069519900702e-05
5.839975561662569e-05	5.822036553126153e-05
5.709736246972581e-05	-1.1671830334974034e-06
1.8928513159009855e-05	8.641590886889114e-05
3.216786246620225e-05	1.1960446649867003e-05
-1.4552271780029508e-06	-8.515174456112689e-05
-9.946394141242179e-06	3.5187308436152765e-05
7.109216437552553e-06	-5.4979927435035e-06
-3.2367726792040305e-05	3.916530320385663e-05
-5.074937607926711e-05	-4.10824880954437e-05
-6.2695144730144e-05	-7.526818306585047e-06
-7.753675519800275e-05	-4.066769545956609e-05
-5.709714844197533e-06	3.58775815723322e-07
1.2754259047253861e-05	2.6170036969319135e-05
4.787383523507725e-05	3.061560338817966e-05
3.676025105442606e-05	3.092979109425226e-06
-7.030407208994901e-05	-5.6606010838315834e-05
-1.920491594705243e-05	6.965158914613578e-05
4.025605440257242e-05	-9.675785493862669e-06
3.0056862729510937e-05	4.664489328523385e-05
-2.1083660217233644e-05	9.45539232246345e-06
-1.7799583325635276e-05	-4.3396249472627224e-05
4.326977215755191e-05	-1.3618498560445438e-05
3.440544475499576e-05	3.290593655143565e-05
0.00014341034470184366	-3.762746673006079e-05
-6.728758821322349e-05	-5.204596690669124e-05
-1.2713148279186643e-05	6.118391579985499e-05
-2.645509977936509e-05	5.03320582166166e-05
-3.5992975607326815e-05	-2.999109754054043e-06
2.2904402350530133e-06	-3.974462694205643e-05
-6.10986820374151e-05	-1.5456316417545464e-05
5.42305895853029e-05	-3.0421326697691773e-05
2.258009747691142e-05	-4.817682791708861e-05
8.008828838535157e-06	1.1860391792743512e-05
-4.8023922691892195e-05	-1.8090541646383888e-05
-7.197416139082029e-05	-3.135038288398155e-05
-3.0477194965082378e-05	6.383871132877975e-05
-3.790997446167898e-05	4.326378893213719e-05
-3.3996605625092656e-05	-3.7048592191697116e-05
-2.9548105357178638e-05	-3.711033411458305e-05
-5.311324247491916e-05	-8.511759752166775e-06
-8.453145714473142e-05	-1.0610802343755852e-05
-1.8825595600137576e-05	-4.6018589721015644e-05
-1.6996304369139906e-06	8.182468283618788e-06
6.597588951193782e-06	-9.617268807829128e-06
-3.951215278672726e-05	1.5847131600190258e-06
2.9415917845252258e-05	-2.7734194815643207e-05
-9.37895090587784e-06	-1.2554132355180052e-05
2.79430651882691e-05	-7.470840116229291e-05
-2.3400794555540696e-06	-3.898007280378104e-05
-3.9573971176653415e-05	2.427062235364434e-05
-3.295272767416534e-05	-5.745002855676005e-06
5.906980223044199e-05	-2.523504931889021e-05
3.493162732540862e-05	-4.159108954452299e-05
-1.70535109371561e-06	-4.087650911841572e-05
-2.751974536526712e-05	6.540586393918233e-05
-4.9261645941787195e-05	-3.920655370392978e-05
5.130808849194041e-05	-5.148743876029402e-05
-7.123304629662298e-05	-2.9336344014071527e-05
2.544405809902926e-05	-7.994191722605249e-05
7.237700981146466e-05	-2.2612437873783544e-05
3.810110787899638e-05	-9.293463172775628e-06
2.0207451535467157e-05	1.046682078214553e-05
3.483750736361772e-05	2.1248089468118163e-05
3.210907559236914e-05	2.9292327063834217e-05
-7.805982963702163e-06	-3.086226789226944e-05
-2.8413204880048552e-05	-8.527455179512986e-07
-4.0170874750918724e-05	-5.272220234701696e-05
1.658535027507457e-05	2.686366659231287e-05
2.810161833263124e-05	5.711780417707781e-05
-2.776640098817669e-05	6.772856612257684e-05
-3.345853335982489e-05	-4.578951055444991e-05
-1.7655471648459308e-05	7.218570595824314e-05
2.6231566313236424e-05	5.236948017182998e-05
3.828323954140389e-05	-2.6887344837829006e-05
6.738732576693948e-05	2.8469100456908137e-05
3.4234852225817346e-05	3.9712116881554154e-05
-3.822749684357071e-05	5.786110434222032e-06
9.445133286098122e-05	8.295840229931421e-05
-1.907555325497159e-05	-8.281457338703906e-05
9.173380709951366e-06	-5.6632625722793453e-05
2.1180730546967403e-05	-5.9663687496870286e-05
-3.726589102398375e-05	9.881750670298981e-06
1.843719966727919e-05	3.862156076522211e-05
-7.176835675976845e-05	8.091214508096123e-05
5.81267217099903e-06	-5.557028583521633e-07
-5.0834568996645944e-05	-7.155672542641264e-05
8.296135794777195e-05	3.459353534003588e-05
-1.1908312357323697e-06	9.187841626114889e-06
9.144062064324772e-05	6.626743357861018e-05
-5.71999412495766e-05	-8.187340152011077e-05
-4.8932442666396904e-05	-3.311771827960428e-05
-2.2932962344189238e-05	2.1733212392586598e-05
2.6813916975720415e-05	-4.859702794325246e-05
-9.948785950844995e-05	-8.232334737124895e-06
2.7055148250846692e-05	-5.1886900029542794e-05
4.501622552458992e-05	9.553333684029628e-05
5.232236465540798e-05	-7.280027345478153e-05
-4.3305003478102795e-05	-2.0166369884463417e-05
1.2401455743552259e-05	-1.875216507413129e-05
-2.1459864750914e-05	3.859795622653964e-05
2.0439826091200767e-05	2.5043803611649654e-05
-4.217001150400748e-05	5.73613586463315e-06
5.989335319507156e-05	5.415114575431123e-05
5.303095097950253e-05	7.436439100044634e-05
-1.9978109313307813e-05	-9.425962999880089e-06
-4.154412419217872e-05	1.3950868361682094e-05
-6.355061805992664e-05	-1.8252337258172186e-05
-4.358417941054065e-05	-1.465939239014139e-05
-1.6156011594125852e-05	-3.6245770863148666e-05
-1.0590290461629546e-05	8.935027493983322e-06
3.8492091086753e-05	2.3991932965813654e-06
1.825511676780944e-05	3.942129726428288e-05
3.1458341921614715e-06	-1.71704404392483e-05
1.7743594667395268e-05	-5.122862679807958e-05
3.5019778234806355e-05	1.1657695229709411e-05
-7.964777255563678e-06	3.407303101918605e-05
-4.253778800823981e-05	-2.7187353127735887e-05
5.2407651880348165e-05	-3.682496984836549e-05
5.929645480773552e-05	-1.248960586820782e-05
-8.993885362375787e-06	-2.6046381148097534e-05
-3.145860808813572e-06	-7.594912371752815e-05
6.517658891380993e-05	1.1763494655386573e-05
-2.4870294453130258e-05	5.4312810744776325e-05
1.7520205227113212e-05	-5.374843985727147e-05
-2.9592345181313726e-05	-1.4559584026515006e-05
3.399944343532135e-05	-6.851356227212663e-05
7.457294866413236e-05	-4.1470477832532013e-05
6.552039400090228e-05	5.356014384683835e-05
4.668916400483327e-05	-2.575242049174495e-05
-1.395966549813366e-05	-4.115861346117639e-05
-1.1942745048137485e-05	-1.4406428636974886e-06
-9.091417084026192e-05	-7.150462964480443e-06
2.61551164493718e-05	-4.069139643055686e-06
-1.740619321365549e-06	1.7064487711008675e-05
3.0397969267286394e-05	7.397303932820961e-06
0.00010734376618046695	4.097346416134377e-05
-0.0001586781424934587	-9.459249595820375e-05
5.3613192384128495e-05	1.101073358617329e-05
1.25631545941935e-05	4.627162759264131e-05
-5.047011605983535e-05	8.002707078872667e-05
-1.913945662309234e-06	-4.053834021422692e-05
-0.00013304345777342052	3.576365650946342e-05
-3.090375346453039e-05	3.310583704130438e-05
1.1231030710635408e-05	3.811876298608658e-05
-4.3784359260808385e-05	3.739832982096682e-05
9.790741861905954e-07	6.188372072943031e-05
6.056633473579085e-06	-3.476954517251097e-05
-5.099025799944824e-05	-1.049615794225514e-05
8.035341618825127e-06	-3.237666522701885e-05
3.2429401977352525e-05	7.580494120398039e-05
3.185613858695798e-05	-5.347978791709234e-06
1.2353224265131797e-07	1.314831474092129e-05
-1.2486631119446631e-05	-3.0192033872767524e-05
-6.913089285826463e-05	1.4568155654136797e-05
8.999546716896267e-06	4.0029810630778004e-05
-1.6470460005089816e-05	-7.637229990589368e-05
-3.6686678594769075e-05	0.00010009053633963915
-4.8864635805145076e-05	6.759041863125742e-05
5.015255071062688e-05	-1.9845546475045788e-05
6.814618023963658e-05	-1.0549004965825304e-05
5.1281666786633306e-05	-1.262490663344811e-05
9.273413034722838e-05	4.706551258451434e-05
1.3174153477845178e-06	-4.739459860467864e-05
-1.7990711850113142e-05	-4.234714599745717e-07
-7.75340548674963e-06	6.98629970155111e-05
-4.678315171445819e-05	1.4368343828050118e-05
1.396270003897962e-05	-5.1134564609435365e-05
-2.5605560090446037e-05	1.6061810537173323e-05
1.6185176128852962e-05	4.142566585735844e-06
-2.6372908355001057e-05	-1.702906685478306e-05
6.38562340972621e-05	6.817847132562637e-05
-4.072653155132757e-05	-1.1643526694629124e-06
-4.630724127403852e-06	-2.1289462559348462e-05
-4.1520315377461324e-05	-2.321228299491153e-05
1.9619167938944973e-05	-5.8596840842162164e-06
4.2596528206271484e-05	2.1424601712065458e-05
-3.9850439582183906e-05	-7.087353741709663e-07
-7.887165810707942e-05	-1.544736526780267e-05
2.814870080552114e-05	6.779329596680181e-05
1.5406991797161198e-06	-3.529923899596929e-05
-7.227004663127613e-06	2.939238158044696e-05
-4.516901644467368e-05	5.4559710398581056e-05
1.1469437698466465e-05	-2.8633682221153473e-05
-8.537977271894448e-06	-8.387295625933151e-05
3.142105428247533e-05	-5.771458487630932e-06
-3.098902876262574e-05	4.6577121179467554e-05
1.034333683561972e-05	-1.8716986432230422e-05
4.369309467044161e-05	6.046645178363771e-05
2.5902349445857867e-06	-4.5618802433109925e-05
3.3311559030188135e-05	-1.4346973976192103e-06
5.6973740187140406e-05	7.976617396878867e-06
5.2613390971526414e-05	-1.0757865092395359e-05
-1.6161686738006163e-05	-9.229090531744118e-06
2.2183136160742594e-05	-1.4106790270791308e-05
2.4903608394015815e-06	-4.4216435967476846e-05
2.5402557391959782e-05	-4.007382936909603e-05
1.36567289126217e-05	-8.861446174803697e-06
9.496011313250617e-05	3.5484349758992305e-05
-1.4553591874018947e-05	2.2697663366559136e-05
-0.00010697623818928318	-2.4861772816195923e-05
1.313950974773e-05	-9.196616240102522e-06
-3.420823528876663e-05	2.7375369846864704e-05
-4.483562324010143e-06	3.4240559515719154e-05
-4.6048254424635545e-05	0.0001118333604872844
-0.00010197513803358581	-1.101666557735395e-05
8.687161262965161e-05	-9.872888769552687e-06
-2.528673424006636e-07	-7.935373568862856e-06
-4.756827308007902e-05	1.460626954053385e-05
2.6910918975317584e-05	-3.512265158694375e-05
4.5027878105976706e-05	-8.620153762242017e-05
-3.2603047737413394e-05	6.921919824226229e-05
0.0001153291099375028	-2.2462420799525856e-06
3.536960257132069e-05	5.82496413115628e-05
2.634049391980365e-05	-9.17313104695103e-06
-2.528796623149553e-05	-2.1354057062469827e-05
-5.602105069300272e-05	0.00014049063681641485
-2.0768910431372244e-05	-4.0844169630517875e-05
-5.815261302456553e-05	-9.428678580888706e-05
1.0072971837828271e-05	6.059412791895284e-06
4.598937168923099e-05	2.2559519753345904e-05
5.98916022892726e-06	-2.4188314395270485e-05
6.133668539840788e-05	-9.464835783271828e-05
-4.5915851422519385e-05	-2.9659875110422443e-05
1.3668370310765083e-05	0.0001360686302845946
-2.46881192161327e-05	3.0104933838434543e-06
-4.340496818062575e-05	-2.8707449635593987e-05
2.6099384211571367e-05	1.703494301082769e-07
1.674695431027896e-05	-2.5514328033602384e-05
-3.443758310165254e-05	2.7577669701324195e-06
9.452219405938178e-05	-5.428911847445803e-05
1.3948014700567687e-05	3.597818994669621e-05
3.316154301747761e-05	4.885306841481574e-05
5.429530413420755e-05	2.2541870952143468e-05
-7.01983359184995e-05	-5.328676354594203e-05
-6.965137006989277e-05	-5.766144820549439e-05
7.243011985346794e-05	-2.5329061376623335e-05
2.1980389236349576e-05	8.05287718595404e-06
-1.5714887158119407e-05	-3.5634197794122374e-05
4.1138210212755045e-05	7.964788056513604e-05
9.955079790040537e-06	2.021928122828256e-05
-3.057058443333785e-07	-6.231871523971353e-05
-5.464808133608465e-05	-6.358302594362852e-05
-3.490207806891293e-05	6.609304685312049e-06
0.00011319748899031408	8.182050101108483e-05
5.829370077979964e-05	-2.8577598483945895e-06
5.365409290508755e-05	-5.580055368833656e-05
-9.176095640445423e-06	3.737776047325112e-05
3.361166193560746e-05	-1.300401760474258e-05
-2.649627274475976e-05	-0.00011772242135690299
-6.0725188705213116e-05	2.3076850716916746e-05
-1.4371301591917522e-05	-2.2938810612262867e-05
8.248795055002965e-05	7.864991489425519e-06
-6.188360843082775e-05	-6.8160642576496e-05
-6.862251932538395e-05	2.743173349254629e-06
-0.00010587663797378077	-1.395695473458273e-05
1.7426027476336208e-05	-2.793699975358606e-05
4.105601320408454e-05	-8.796241602745307e-05
-3.3819932695775806e-05	-7.47732925960991e-05
5.6970908438076904e-05	-1.1992725574886079e-05
-8.399953096525277e-06	2.355088500132371e-06
5.374237647621289e-05	1.9978062779292724e-05
-3.150633445254166e-05	-4.4663339819043485e-05
-6.650411547321746e-06	3.660739905804675e-05
6.423573994004161e-05	-2.5849521332917827e-05
2.489691580919278e-05	2.5258580895313298e-05
-4.547770234044655e-05	-4.825310231378233e-05
9.472909997971362e-06	1.201915244151453e-05
2.197439335286893e-05	5.092891503699109e-05
6.248916920438875e-05	1.0508067273778658e-05
3.4637648468056075e-05	-5.786154358562807e-05
2.449393741271346e-05	1.3871518804077608e-05
7.209760719322496e-05	2.1013013480512605e-05
4.451344513046122e-05	-5.683296733824937e-06
5.986018526418771e-06	9.038525208318486e-05
4.89471693190255e-05	9.514265333626517e-06
3.602822412214517e-05	-5.7726317441480704e-05
-5.38072464428407e-05	-2.216853671480235e-05
2.6901849526610386e-06	2.3138936919790236e-06
-3.1653398996390354e-05	5.779987282696689e-06
-2.3617763776197694e-05	-7.401156400381164e-05
7.25090968320919e-05	3.519635617398434e-05
1.860943960593735e-06	-3.684852250111657e-05
7.704584675126754e-05	-5.35895073969548e-05
2.6105325743691676e-05	-7.251503030679187e-05
-2.7713506225070343e-05	-1.1145930420280657e-05
1.964876215551564e-05	-7.691061382887313e-05
-3.0171293655657187e-05	-1.3089464370734333e-05
3.975287350611589e-06	-0.00012381141912731904
6.036066722902565e-05	9.8700272781344e-06
2.343556649902907e-05	3.955928193950339e-05
-5.214001898408781e-05	9.919871521979409e-06
6.292451658517886e-05	5.7658759714808765e-05
7.185064629623907e-05	1.7617284140644106e-05
-4.162333816230354e-05	9.299609440280632e-05
-4.210551656122174e-05	-5.637082791208677e-05
1.6082319970662216e-05	3.815986674695266e-05
-1.8502117535053098e-05	2.1645081691343042e-05
-3.2620591180363556e-05	-3.227362773318581e-05
4.321976883767365e-07	7.163618918429338e-05
2.888673240872053e-05	-3.78922170778079e-05
4.122339171644683e-05	3.0509652930147678e-05
-9.105626250947078e-06	4.844722817970868e-05
5.775290545002589e-05	-1.5261998352926915e-05
9.265794709321531e-05	-2.9742254342546144e-05
-5.376902897704188e-05	-4.9632156173722306e-05
7.36794701661087e-05	5.206677176055674e-05
6.583518100198741e-05	-4.274937341086642e-06
-4.639357426835002e-06	-3.4481814395693885e-05
2.4632465135954005e-05	6.596451333310883e-05
4.583352030200289e-05	-5.2125421490747855e-05
6.580173060202673e-06	9.082075855356717e-06
-2.3835607795951868e-05	1.4677084704010809e-05
-1.2672277210998995e-06	-2.2033112518835074e-05
-3.644114573326847e-07	-1.8646261829819315e-05
-6.99101644966641e-05	4.162919224928956e-05
-1.3112149560157657e-06	-1.0569803651531238e-05
-3.781270653406514e-05	4.045589042761329e-05
0.00010308053623416227	2.4558861551977914e-05
7.286206883188867e-05	5.9322712939641e-05
4.260541319426769e-05	-0.00010215735705384567
2.8172509964828904e-05	6.330095693902942e-05
-4.08648147868895e-05	-6.172782406238532e-05
-4.9006002477816195e-05	3.718978962464422e-05
1.351579434546928e-05	-8.5645664361697e-05
2.0030995179170214e-05	5.323968087475867e-05
2.1689212359295203e-05	-1.0125806405483202e-05
-1.6376493710295913e-05	-2.1042476079803665e-05
1.4846944030371734e-06	3.575233511910739e-06
-7.438455961747939e-07	3.23383962675785e-05
-4.4689099749202535e-06	-4.8835491995087285e-05
-6.20894229633371e-05	4.858839037951939e-05
-3.880885962547864e-06	-3.8412815989392115e-05
-2.5117376799337375e-05	-1.2674808341930085e-05
1.6929138349585724e-05	-4.004371962721856e-06
-2.5987704988508235e-05	-4.7124309692820045e-05
-2.0336928895750476e-05	-4.217027213637132e-05
-6.24981682895497e-05	1.767020268198142e-05
3.7104254067284815e-06	5.1978332198699914e-05
-3.724234258768331e-05	1.7878788691203208e-05
3.685133750374356e-05	6.641774693751651e-06
3.43964717050176e-05	2.0286884520796022e-06
2.977184338747218e-05	-5.116406034657351e-05
-9.011409808163015e-06	-2.5638378251178293e-06
-1.2621830036202925e-05	5.969662054292243e-07
-1.0261003038049224e-05	-4.1326305684013465e-05
-1.4871128809683228e-05	4.0079701182527846e-05
-2.6707978975585985e-05	-9.102647317794929e-06
-4.067955965317764e-05	4.277766064933529e-06
-3.382006553546395e-05	1.1113636969713034e-06
4.742443185671126e-06	1.0431570366372578e-05
3.6863333252748885e-05	-3.03742024787544e-05
-2.1515563860481127e-05	-1.556195872719114e-05
-8.523350603916108e-06	-4.542476205126787e-06
2.6775685928067374e-05	1.497980228435297e-05
7.130671052347632e-05	-3.371136605393223e-05
-1.9421246462166213e-07	-2.6140635669827032e-05
1.9751711454070652e-05	3.72483377751963e-05
3.569217618210275e-06	-4.426934866406816e-05
-3.212366460610295e-05	1.704972098713156e-05
1.7317223170691624e-05	4.350484332247629e-05
1.9069746363812093e-05	-9.120229010326304e-05
4.41752385029401e-05	2.4041486045758063e-05
6.542665894198598e-05	-2.285065604236693e-05
-1.4247789252195121e-05	1.506523901698705e-05
1.5816124744199352e-06	-4.4557364975304604e-05
3.430816547664716e-05	-6.854013323503752e-05
-1.0201984061718239e-05	-4.754772680535395e-05
3.7098319010600565e-05	-1.1707591368351552e-05
8.973282837940748e-06	-4.831801359030247e-05
-2.6649210797710798e-05	-9.303437989663287e-05
-2.2344103093824334e-06	2.5934824610279087e-05
3.72306057303789e-05	-2.7807687535305262e-05
2.632593258043497e-05	-6.1036019908345885e-06
7.18095019231648e-05	1.2586481099933949e-05
-4.66010218428775e-05	7.974183035515576e-05
-3.175626842377167e-05	-5.6764992951219024e-05
5.524503849878891e-06	4.404211824949072e-06
-4.725361994564904e-05	-2.3597592583152396e-05
-4.08352906014601e-05	-4.263236890638579e-06
-1.2715964534031694e-05	5.3713011974966956e-05
-7.427628163657164e-05	8.205797915269608e-06
9.6650645126825e-05	-2.439616004769805e-07
6.717595492465439e-05	8.920442054694305e-06
9.276040185332515e-06	3.042781028494901e-06
-3.880091564587731e-05	-6.0332415038587775e-06
-3.9329996597019864e-05	-1.2908198540948692e-06
-1.1045927383698455e-05	-3.2812324494689415e-06
4.6048057384540374e-05	-1.219265517970982e-05
-1.4697523545963024e-05	-1.0481610452541545e-05
-3.233562294862298e-05	5.0787589531777914e-05
-5.216644338829303e-05	-3.5110820753847496e-05
3.596939919602138e-05	-6.737274620258123e-05
-4.818287996112184e-05	-3.263530276443662e-05
-3.212382895706104e-05	2.5108396194871823e-05
-3.5866577486255205e-05	-8.57036960920058e-06
-1.232782062309298e-05	-5.7232368160107886e-05
0.0001274128200408134	-1.1833831454163062e-05
0.00011371193430732173	-8.779198983169371e-05
-6.153695937398237e-06	1.4462624930835638e-05
8.683047347818174e-05	-3.627222666547538e-05
4.6994821702049845e-05	-1.5232754074382283e-05
6.012848206095225e-05	-5.4480320585571036e-05
-7.896564183743539e-05	1.0231514047191136e-05
-6.0063717233025546e-05	3.319360281390575e-06
8.7233641981344e-06	-2.6384545569478585e-05
1.93371925842582e-05	-3.911247573324632e-05
-2.933364806811211e-05	-1.2183895646458674e-05
-2.460574410566964e-05	9.131423464084003e-05
8.809190405474142e-05	2.8989235973753214e-06
6.315376308756081e-06	-1.2195543441447368e-05
4.90957948246974e-07	-6.657615685897823e-05
-3.086530753218548e-05	8.432255227150157e-05
2.322405374867041e-05	2.6819698085282348e-05
1.4312452495182585e-05	5.584460510790087e-05
2.4055978702763732e-05	-3.1232817888936186e-05
1.8722551011269098e-05	2.6734554595183666e-05
-2.071023994738459e-05	8.479005229382127e-05
6.39593898232591e-05	2.1318864334850313e-05
-2.50116723716827e-05	-4.589510551101558e-05
-2.3874091454160497e-06	5.115508027366392e-05
1.1539920004093726e-05	1.9813677804636502e-05
5.8346714318073414e-05	-2.9842154439736475e-05
-2.9421775195269038e-05	-3.852426492181215e-05
-5.783109899022263e-06	2.6475786959623003e-05
-7.982587864455444e-06	2.14658552601031e-05
4.528679014841218e-05	-7.5884212780548415e-06
4.275211640210712e-05	-4.4739772200419554e-05
4.571981615371905e-06	-8.176477463483016e-05
-1.7044018285433035e-05	1.652931726512807e-05
6.906052632929814e-05	-6.502652903408101e-05
4.499844961262913e-05	-6.835699532410657e-06
3.379663963620848e-05	-4.053239055741332e-05
9.922330420666835e-05	-5.746463489281359e-05
-4.33579325559755e-05	2.9351240066349826e-05
3.9356598314487426e-05	-3.7571674704084727e-05
-2.096289070887974e-05	2.22537301130547e-05
-2.1521705670352416e-05	-6.6651518033366565e-06
2.2668379997255396e-05	4.997906068490145e-05
1.5397402063722107e-05	-1.2022105751023755e-05
-7.791269781331347e-06	-7.91195024767409e-06
3.736304919887746e-05	1.0699181311119629e-05
4.4192824418193285e-05	-1.5112335556483553e-05
1.1742790417626601e-05	8.055956296324559e-07
-1.696197931010232e-06	2.6993283548762185e-05
8.164767553716263e-06	-6.142788274031588e-05
5.707079766383998e-05	1.5670775687685803e-05
1.3260284167417813e-06	1.2316082630621338e-05
1.129294785821147e-05	-3.459316698404073e-05
-2.8672160428765662e-05	8.628343210498779e-05
-7.212145665576164e-06	2.6255608659394338e-06
4.471929499867292e-05	-2.2847628645907455e-05
-2.3197480132726188e-05	-1.9269501244287038e-05
-8.420442155417478e-06	-1.4289201836953192e-06
-7.87917091494674e-07	-3.2208948634079114e-05
-7.385566861380561e-06	-2.9524898630266324e-05
-1.2480781670131176e-05	-3.5261022842421056e-05
1.3977433939027105e-05	-1.7470355898581046e-05
-2.2418460790483584e-05	2.6305304956482016e-05
-3.160652697533768e-06	-3.531958789122978e-05
9.925918932299971e-06	2.157769123498882e-05
3.3934661315514466e-05	-1.91755254961304e-05
-2.516734908963892e-05	6.023122073003582e-05
1.4439045424507243e-05	2.7898798168429312e-05
-1.0646183450690471e-05	-4.5513883899121015e-06
-7.688398140929572e-06	-4.049725093613479e-05
-2.009284018799014e-05	-1.703217978798971e-05
-4.372841062552921e-05	-4.8953025789961214e-05
8.380800723666096e-05	6.622919926313422e-05
3.287342143461504e-05	8.729294898524248e-06
5.004089466812118e-05	1.6976325006983587e-05
-2.670531383184822e-05	-1.5794350784193662e-05
2.0824905458781875e-05	4.5198487353180805e-05
-2.0674971954019106e-05	7.931856899795223e-05
-8.379309949037252e-06	5.445150509106482e-06
4.081181982348392e-05	-2.5696703584727202e-05
-3.743938218131887e-05	-4.699184200303229e-05
-4.760639024222576e-05	-6.015209141785485e-05
4.561895448882474e-05	-6.893688852065709e-05
-1.3797919105041888e-05	-6.706715873635197e-05
-4.201423722061707e-05	3.8033234898645084e-05
-1.5373803414587815e-05	-1.3224734709300637e-05
1.4200824148901521e-06	2.5435082663141055e-05
8.881507150235678e-05	-3.547827444564683e-05
-5.5891636063623935e-05	-9.340696933446868e-06
-5.3598399187947154e-05	4.916480813105546e-05
-3.258823826770687e-05	-3.4434744177902246e-05
1.287758237085315e-06	-5.1854917437258645e-05
2.1024860648658444e-05	-1.8061353592703594e-05
-5.115518234562105e-05	-1.1475286017972183e-05
-5.1041915764777945e-06	3.3191059860672444e-05
3.384372234555309e-05	2.822515414307902e-05
5.051123047486704e-05	4.989462135228267e-06
-7.0269487044991405e-06	9.587655945696319e-06
3.0225425647297385e-06	4.1776161466506684e-05
-5.617984473243403e-05	-1.9748824674032226e-05
-4.3278354025922384e-06	-3.929761212637863e-05
-5.6685304606736864e-05	5.76122223026918e-07
-3.3811438412742875e-05	5.987254772875705e-05
9.76323795205231e-05	1.3083629862713129e-05
-8.532816418717484e-05	4.389004589269666e-05
-2.5167372215357035e-05	-4.023541416043969e-05
-2.1180675774622896e-05	7.049510613391316e-05
-5.310013692855472e-06	3.712196112038111e-05
-1.9495965994773147e-05	2.721662467771575e-05
-3.168869260569783e-05	1.1166562318513e-05
4.5986348315483535e-05	1.2407329423766699e-05
-2.1500872430464454e-05	-3.4782927634677302e-06
-3.4222731803507493e-05	5.119046737336057e-05
-7.479961022639295e-05	6.654372133336178e-05
-1.713205529994603e-05	4.775009477468239e-06
-4.433689024251507e-05	2.753413125856248e-05
4.600400717327915e-05	1.758486762878139e-05
1.6699313266447685e-06	1.5738360253473907e-05
3.6704549343464855e-05	-6.771163684808764e-06
6.426518654244369e-05	-2.3632593883548326e-05
3.3314535962366685e-05	6.162795793840554e-05
-4.157045896772686e-05	3.8265697984809673e-05
-3.9197507496903555e-05	-8.800361092822868e-05
3.6485470698075344e-06	5.0182035861365725e-05
-1.4083232807519157e-05	2.5370274148137157e-05
2.5614369066612756e-05	-5.371667213747593e-06
-1.8922566460458936e-05	-2.8902359473537937e-06
8.000651493875789e-05	-2.3709064964772442e-05
3.171206366876031e-05	5.7402931953478355e-05
-1.4535801607481203e-05	6.345654633485612e-05
9.235497824299567e-05	-1.971035900114975e-05
-1.8906692483934076e-06	7.531135991055008e-05
-9.573621001104106e-05	-3.312051271987151e-05
3.22003001384567e-05	1.2545601317257456e-05
5.612814851003602e-06	-7.89657175176534e-05
-5.7585326825990735e-05	-1.8834379819580467e-05
-3.202086886206703e-05	7.289717498071429e-05
8.413726469715764e-05	2.453829724570026e-05
-4.134683463680663e-05	-3.31910195549435e-05
-4.132928984333965e-05	4.6806754991708175e-05
1.4306760738038522e-05	-5.589188772374565e-05
3.046530035168017e-05	4.2340733481706326e-05
-7.350005222367875e-05	-3.529609249229595e-05
3.155035483147805e-05	-1.742334695221852e-05
4.859144357729165e-05	-4.5824650824145445e-05
2.8760344530813607e-05	-2.0451763488101084e-05
-7.265033721373436e-05	6.183945477051259e-05
3.554593297968931e-05	3.097140287520645e-05
9.243586618978805e-06	-2.544365051380095e-05
8.708603066241954e-06	-9.181122511572564e-05
-2.6152429249194908e-05	2.24066711618202e-05
-4.417525985762301e-05	-5.385409016848242e-05
4.8511785399133815e-06	-6.790790281360572e-05
3.5868648046191507e-06	1.1060749814426805e-05
-3.840685444960134e-05	-4.475161187909744e-05
-3.75951100726429e-05	-7.32414622684537e-05
1.4671207959759167e-05	2.2333209807646403e-05
2.4946839131146992e-05	4.6480368897597056e-05
-2.482348198599107e-05	-1.8169844548645134e-05
-7.105399423744293e-05	1.0322713723046676e-05
6.3684201432237825e-06	-1.9854719397919104e-05
-5.324450605729626e-06	1.2142705764242565e-05
-4.474871467423192e-05	3.0524185538775656e-05
1.2263262043228202e-05	2.284518533579342e-06
-1.5911917796906797e-05	3.2279465676318463e-05
2.8164554534386302e-06	-8.658558631134187e-06
3.0350844033542753e-05	3.53962259232388e-05
4.316089279145022e-05	-3.337909946227041e-05
3.647430493080556e-07	-5.2531293458786225e-05
-6.211000742738161e-05	3.9091784265237505e-05
7.08865261609444e-06	-6.488788303771365e-06
2.4932123977210504e-06	-3.3058887503113556e-05
2.8716096746452864e-05	4.157346535349483e-06
-2.17450371450151e-05	-7.605208948968945e-05
-3.398783605841185e-05	6.70757266114944e-05
-4.522189011350832e-05	6.471315277749839e-06
4.667441484626365e-05	-4.3931317230722834e-05
4.2652253797405724e-05	6.3977510876425085e-06
-5.2801651054205974e-05	3.822435308419429e-05
2.308278973829474e-05	-8.062971215848698e-05
5.4930272569228416e-05	-1.298335127031601e-05
3.687514410315163e-05	6.191960640505628e-06
8.655718967461088e-06	-7.954495098083966e-05
-3.3978881777475844e-05	-0.0001088549168177365
-4.7626843102546796e-05	-3.219712298730468e-05
-1.953113629720172e-05	4.7894518849955193e-05
2.806932638055035e-05	-3.125647354978411e-05
7.774275798389546e-05	-6.792562234528072e-05
3.0650821187644685e-05	1.0311086935695937e-05
-2.455023992948249e-05	3.969232056885882e-06
5.1322897111479065e-05	-5.1710690464755715e-05
-6.24303846990644e-05	-2.3791399125654476e-05
-3.464331038914688e-05	-3.451414741241785e-05
6.356629245660449e-06	-7.798975682932729e-05
3.74570775256388e-05	3.992100196613559e-05
4.1082472151404966e-05	-4.561587905043057e-05
-2.31329071285103e-05	8.778305955943422e-05
-8.711586724057368e-06	-1.906381570169502e-05
2.314162434541515e-05	-2.2812382353113266e-05
3.349987006874181e-05	-5.339848331911499e-05
4.832369746701615e-05	4.09881677155942e-05
-9.89849735160073e-05	1.7396611500250017e-05
9.694147956652831e-05	-7.451739198569034e-05
-1.719970130486014e-05	5.277573304905154e-06
2.64610789045031e-05	2.521458117465046e-05
-3.3552650145475054e-05	1.0122917098379672e-05
-5.7279379131034217e-05	-3.2691127510981526e-05
-8.12945712865196e-06	9.22332914393058e-06
9.093739949823381e-06	-9.628302995327249e-05
7.073881469386516e-06	-1.1601619954510796e-05
2.368255358245731e-05	3.786809618543377e-06
2.0901458123466387e-05	-9.399850292494894e-05
-1.322452407902716e-05	2.7960374970191823e-06
9.158317575795853e-06	1.4700088139575047e-07
-6.587331743492628e-05	-5.168132790871764e-05
5.675609562655914e-05	9.203474608993094e-07
-9.762959060316605e-05	3.505221442088315e-05
2.3490079227570734e-06	-2.2956533624638124e-05
-4.108801999243724e-05	-2.2653673556693505e-05
-2.0980628472926918e-05	3.226198667870454e-05
-7.717901776463999e-06	6.749622521239752e-05
-2.0533977051526706e-05	-5.888775902666226e-05
2.3463195937027795e-06	4.610110675913785e-05
-7.228573585004702e-05	3.3570319722868025e-05
-3.200605132256273e-05	2.1553923577329857e-05
-8.30437532378659e-05	4.988194402257995e-05
-6.617924497049015e-05	-2.0251552424723417e-05
2.1689325649266063e-05	-2.4235203411260875e-05
-2.3817923077354136e-05	4.320808612847687e-05
-2.379121683466478e-05	5.383051120807394e-05
1.6260626275589922e-06	-9.002339387594399e-05
-7.275611881600809e-05	4.7453666471649375e-05
-6.673376673960352e-07	-4.077063834340458e-05
-7.362044105473819e-08	5.606737039536177e-06
-2.483229924659095e-05	1.69704144834286e-05
-3.138000985111737e-05	-8.8614384824387e-06
7.172431117058727e-05	3.8318481932872856e-05
-1.799376300308406e-05	7.310890771572796e-05
-8.618936278824721e-05	-4.086770046696286e-05
-4.273741350166083e-05	2.1565758809195587e-05
2.1373289615466685e-06	-9.884087210036611e-05
4.198549687745765e-06	1.5038649243955961e-05
-6.147854251752905e-06	3.146823437780141e-05
6.075768026433109e-05	-4.8291466320621375e-05
-9.229028322585641e-06	-2.7845773553737835e-05
-5.398025115635169e-06	4.765729757735478e-06
-7.12450989075643e-05	-5.8749487518818626e-05
-6.0257703728758266e-05	-2.7293094868649596e-05
-5.618403951209528e-06	8.721574920294164e-05
-0.00010038718132204521	-7.240044496371065e-05
-1.9719362142584982e-05	4.708022140353669e-05
0.00010975455917785486	2.524968199982391e-05
2.0918969068027624e-05	-3.590483018061528e-05
-4.372270470859149e-05	-4.819008157256243e-06
-6.058699413876836e-05	3.351444115048612e-05
2.3165087740130312e-05	9.90585495539401e-05
-1.7132070970972193e-05	3.993866518641354e-05
-5.368077226150976e-05	3.011276897531784e-05
-1.349527456741741e-05	-2.328883122538091e-05
-1.8484602810733243e-05	-8.957369063283333e-05
-7.598158030374546e-05	2.1457023609203454e-05
9.572971258760893e-06	4.032978800265689e-05
6.755492549005999e-05	-5.045187704758939e-06
3.0198035713822936e-05	1.645580098120488e-05
-5.6508003961879874e-06	-7.263270739452134e-05
1.3333501903871363e-05	-5.9637370992376236e-05
7.86158201552328e-05	-2.069247788092048e-05
-1.1731122777023117e-06	6.610565764875181e-05
1.2833514698232857e-05	2.766959516492255e-05
-3.5637423699875225e-05	5.291899209563606e-05
-6.225705480530572e-05	1.4147803124740501e-05
-9.46716775224514e-05	3.5807761381244e-05
2.744294617171832e-05	-1.9025565454783174e-05
4.59629347722066e-05	3.464057850215888e-05
-1.8787624734295154e-06	8.626013446249363e-05
3.8521425954313744e-05	2.8780932729707536e-05
-3.751003724232509e-05	8.382223234180683e-06
1.4971123897522034e-05	-3.349381348408532e-05
-4.436343131658407e-05	1.589445113703241e-05
1.5610787499284663e-06	-1.6044132886037532e-05
7.751323182330934e-05	6.366827517411444e-05
2.9571714761706807e-05	3.229137524918019e-05
-8.820309365923844e-06	1.6176504865755344e-05
3.884762051362819e-05	-4.889504297741292e-06
-4.3284463226958074e-05	-7.168149490199553e-06
-2.0827839498479547e-05	5.5962277101024476e-05
3.933789363324321e-06	2.3100532971213365e-05
3.134156217024502e-06	-3.735999483171171e-05
-2.6766867896624256e-05	3.6634323324348654e-06
-2.125405121978695e-05	4.4536987937994306e-05
-2.1968722527829857e-05	8.258859778034818e-06
1.1401925987098742e-05	1.4932775946178732e-05
-2.2982782452606635e-05	-8.30730922130677e-05
-3.409071893380332e-05	-2.9124766989445203e-05
-3.43258953888723e-05	1.183384962331996e-05
-5.63299426600768e-05	0.00010278067819655417
2.7969358487842973e-05	2.7457873750314564e-05
-4.97939441136644e-05	1.5538671769475454e-05
8.31555656503436e-05	3.881841332587985e-05
1.7517152448552536e-05	6.02165518501021e-05
5.680296400668608e-06	-1.6817780685357782e-06
-8.481348829711259e-05	2.1421817685776616e-05
6.2331938488746644e-06	2.575542044487287e-05
-7.071568972637319e-05	-5.102587285006837e-05
2.5311480526227996e-05	2.805168378341801e-05
-1.4397844594502546e-05	-8.655625826115303e-06
-1.833750643147245e-05	2.266240188385396e-05
5.038190504790491e-05	2.7413775214253918e-05
-1.746130020026759e-05	5.0678676440209766e-05
7.49140685817194e-06	-4.682147662563892e-05
-2.538508813352448e-05	1.694086291933764e-05
4.459301979910413e-05	-1.2980539318427463e-05
-4.5471879592267144e-05	-7.387361244399819e-05
5.393932808277896e-05	-1.6123554382121482e-05
-9.12349749784071e-05	6.088704635115119e-05
-4.217611957079921e-05	2.340024565073374e-05
5.5894572336692034e-05	-1.4536004475795424e-05
-3.2520482914843944e-05	-1.1963429955007053e-05
3.962104081442568e-05	-6.052532329474127e-05
9.875949627996597e-06	1.699093079900355e-05
2.122474882868584e-05	3.2209046306950085e-05
-3.387599630263317e-05	7.402925267011533e-05
3.88890774426393e-05	4.9708456502016824e-05
9.320082712701325e-06	-6.211590824132111e-05
-2.94016149686439e-06	3.2258916050490164e-05
-3.2349988341667586e-05	-6.341245795603358e-05
3.922698511606363e-05	8.301704509421358e-05
2.6264039833854115e-05	2.5026260818299918e-05
9.520306481249098e-06	1.6535313364422217e-05
-2.5785534297672523e-06	-5.5447726680250214e-05
5.694111557723829e-05	1.1166656650866309e-05
4.9602752674710106e-05	-4.304447568721424e-06
4.1182244619822e-05	2.267424103923511e-05
-6.120460877010046e-05	2.4929118001078765e-05
1.2245707902787303e-05	4.861484602945421e-05
4.755375474567129e-05	-8.791101646835816e-07
-5.563868719622762e-05	-0.0001395852297299243
-1.340102495674418e-05	-5.689155660368249e-06
4.82324581839726e-05	-3.899771834478805e-05
-8.154718291646978e-05	1.6728109855865439e-06
-3.552526797059243e-05	-8.760975060998279e-05
-1.6311794431850152e-05	-8.951777256480299e-05
-1.0434755333458867e-05	9.08210753450159e-06
-2.146876675455027e-05	9.176108452157521e-06
9.830018241878754e-05	-1.2560118148397754e-05
-6.256297871147993e-05	1.8616872192205038e-05
-5.032598892753786e-05	2.9104382514836583e-05
3.579292877976646e-05	-4.5607103864791746e-05
9.63182782274384e-05	4.750076666767251e-05
-6.111918883073848e-05	-3.8068597025973996e-05
3.981798234995883e-05	1.390680720367453e-05
-6.003686969258128e-06	-3.9412474601587266e-05
4.584835660660603e-05	6.57322011385935e-05
-6.962185361275846e-05	-9.11426960484494e-06
-2.771668744143173e-05	8.849161456499719e-05
-2.93987471694019e-07	-3.423489051813278e-05
-1.9031306542081606e-05	-1.45836631011633e-06
4.506020124895795e-05	4.132029206509703e-05
-1.4339190597376663e-05	-3.9812241982129495e-05
-2.3071275115925904e-05	3.920944593340827e-05
7.908628887652538e-05	-8.473317123308917e-06
-1.8514027861625156e-05	-3.386138223861206e-05
-1.1024591840857623e-06	-6.510016496320924e-05
4.645379022971702e-06	-1.4627183470349858e-05
3.584574279399946e-05	2.2124487159649087e-05
-4.454444352721187e-06	-4.703890202528287e-05
-4.991138605744507e-05	-2.385051999085653e-05
-2.5484936734211505e-05	1.536797724500228e-05
1.1104784105578532e-05	-0.00016731930513985268
7.397200198188893e-06	9.964055932371864e-06
-4.431624092920783e-05	4.210547080663534e-05
4.089103979496229e-05	-2.7475424442925187e-05
-5.135793006197319e-05	6.290088725625714e-05
5.492253630964753e-06	-5.3554221645269435e-05
-7.484054771329545e-05	3.345549439135942e-05
0.00010991630174064948	-4.382527195637326e-05
-5.9663881807869326e-05	-5.7626362472527295e-05
-4.711549556557009e-05	-2.0771794823179293e-05
-1.7964071546134746e-05	1.841116349331451e-05
-2.7737177404510304e-05	-7.858340856036241e-05
-9.070207361406921e-06	1.4553716287547705e-05
-9.66109704997328e-06	6.308321426528328e-05
-9.420237169367524e-06	6.146026318305648e-05
2.2189170376959954e-05	6.841827070336254e-06
-1.0393438804065924e-05	5.2977878127888605e-05
3.9018354892197374e-05	2.343577643359575e-05
8.588092482658589e-05	5.6585728982950936e-05
-5.5015336147739324e-05	-4.807993017759357e-05
1.7125954798454702e-05	-1.2759392172086625e-06
6.214239170543321e-05	1.1975279249008502e-05
3.069193374150819e-05	-8.068861613706916e-05
-6.716698866614326e-05	1.914897574252129e-05
-6.948685567417016e-05	-2.2677125697797026e-05
-7.1590642412348805e-06	-4.989978651949556e-05
-3.9379984176519805e-05	-3.422343802470949e-06
-1.69142975705529e-05	-1.0531631642876524e-05
-9.439831484742714e-05	-3.184162107795626e-05
-4.501019495106263e-05	-1.1207799256684292e-05
-4.390189590075462e-05	1.6382404393987836e-05
9.020307177136917e-06	5.8852584185059646e-05
4.016220828748623e-05	-4.0891117053570306e-05
3.915656997705528e-05	-1.1875075643223294e-05
-4.780639009085039e-05	-3.5008152522886805e-05
-4.020323829133099e-05	7.086550469298602e-05
-6.444908749022052e-06	2.1939160534516156e-05
3.33116464492729e-05	2.5254814398119835e-06
2.5011652710044127e-05	-2.2098001421101874e-05
-1.6964441945259853e-05	3.690161127532306e-05
-0.00011185104664484003	-2.1165849037106993e-05
-7.195931711947977e-05	6.87419046772747e-06
2.3635657023506022e-05	-4.005321950110356e-05
-3.5957654634964185e-05	-2.4861692521858545e-05
3.5913386639227965e-05	4.020313431849439e-05
-7.353466133288863e-06	4.954088261347867e-05
-2.77753292479026e-05	-3.861867104472465e-05
-4.207620900136004e-05	-2.7304888905224664e-05
3.834495251471802e-05	-4.5576919354218864e-07
-4.777109888060165e-05	1.0293285009362358e-05
-1.9692837410252338e-05	-2.4120624612028497e-05
4.11469725596397e-05	-7.397051584509027e-05
6.184253582258549e-05	-7.010413001412543e-05
-1.2951156602705801e-05	3.044780335328303e-05
-4.286748804317183e-06	5.07022173784397e-05
6.59480244906858e-06	1.3659910105449402e-05
9.505399310140593e-06	1.7649357289036003e-05
-6.171246623356348e-06	6.355663565033505e-05
-5.4139250084898616e-05	2.8892390906163088e-05
-1.7761497601476203e-05	9.697390170206837e-05
1.872553693813404e-05	5.580046905848703e-05
-2.0019154838091732e-05	-4.762577895541553e-07
5.331316703616048e-05	3.266204342864506e-05
1.3742193267156256e-05	-4.349897346148492e-05
-3.3499790090895546e-05	7.890107918823836e-05
6.050187258050179e-05	4.2486420149981195e-06
-1.0603258882140752e-07	-7.02674974812824e-07
2.7501783844833763e-05	2.4247205174830935e-05
-6.745823587503943e-05	7.200619602132324e-05
-7.06453112894682e-05	-4.154095772089322e-05
-3.437857394199571e-05	-3.786589729367772e-05
5.657960935068318e-05	1.768785319183574e-05
9.879376950429897e-05	-6.075156991091962e-05
-2.076026728527443e-05	-1.215732090966612e-05
4.005320168250669e-05	-9.399627852645663e-06
3.249110510482187e-05	1.2383781489358504e-05
6.16955255785265e-05	4.745955713008337e-05
3.6330915661985145e-05	5.02409348124932e-05
7.132720452135358e-05	-5.9754995424180764e-05
1.7264495387762515e-05	9.458354828341297e-06
1.3239274806339375e-05	2.5825970779536887e-05
6.066067334995974e-05	4.6809809251434004e-05
8.840929909461669e-06	2.180099524464485e-05
-6.858434524284858e-05	-6.7181808517693876e-06
2.5399610904667394e-05	-6.3242923993913095e-06
5.4295327703536264e-05	2.6325933791407045e-05
-3.8065811578750624e-05	2.545559744803189e-05
-1.896961909220451e-05	-9.985818686794221e-05
-1.987224311773439e-05	3.92153686611539e-05
2.3467979129453694e-05	-2.7481197637725298e-05
3.9006573693419903e-05	4.695355561123082e-05
2.683446751357895e-05	2.6558129450876063e-05
8.106200299477193e-05	-4.0811591303215226e-05
3.2938317657284925e-05	-7.144479563685221e-05
-8.500492644425732e-05	7.929545639255375e-06
-3.69072926935283e-05	-3.143870048881675e-05
5.3419156349122584e-05	-4.60687276738388e-05
2.8330846967855545e-05	7.814780686780104e-06
-2.1718708422696682e-05	-1.2395562370111514e-05
6.694362705855387e-05	1.4324159395599927e-05
6.096923433915006e-05	5.462161247308757e-05
2.0154512297882827e-05	5.9405058088842016e-05
-6.469762305525381e-05	2.4808826066829043e-05
6.70492870948044e-05	1.5600220131297752e-05
2.49793474851969e-05	-3.8336136926850345e-05
1.861403040706957e-05	-5.162878249518975e-06
-3.763943959507156e-05	4.579224626132935e-05
-4.439581293367613e-05	3.0076165375048477e-06
-7.999779834631141e-05	4.021480685987813e-05
8.580451432760132e-05	5.394541690555097e-05
-2.729603273791098e-05	1.0987273578381949e-05
4.124405955348409e-05	4.169387235569488e-05
5.853776726816357e-05	0.00014915523849057204
4.6165820179389854e-05	-1.3815516310874408e-05
5.245217841620882e-06	4.663616614082537e-05
-4.4093078502258364e-05	8.414631554099484e-05
2.3000467952060175e-05	4.6733377368119996e-05
-1.3224543053298335e-05	-0.00010128106781318318
-4.188186969834272e-05	-8.414668614255337e-06
-4.7718176489662145e-05	2.9224752704712266e-05
1.3071800724483047e-05	3.487562919051492e-05
6.551776216697179e-05	-2.891291970000983e-05
-5.298672347759152e-05	-4.7315387559373405e-05
9.373698222637242e-05	3.164753148537646e-05
-7.304127072749951e-05	1.0317321636959266e-06
-2.705791830686239e-05	3.7477584397502924e-05
-9.622131242986518e-05	-3.845750959592602e-06
-1.3298087027354351e-05	3.201701133762168e-06
-4.4919210071689287e-05	5.800672830210906e-06
-2.278303620753376e-05	-1.915774085233848e-05
3.7639457142166505e-05	-1.9572447192220905e-05
5.222547708396995e-05	-2.4150115173203376e-05
2.577922898471088e-05	-0.00011748432218268735
4.015306108060026e-05	-1.3900853990899695e-05
9.085550127924118e-05	-3.176777355280874e-05
2.7690068871222548e-05	4.230841536766391e-05
-1.521804318281366e-05	-4.138796761534296e-05
-8.00243829065855e-05	1.3758030257010696e-06
3.7457063479079426e-05	-4.987318847355375e-05
1.707021575408487e-05	9.084887476373098e-06
-3.554886497257488e-05	1.4365362296580625e-05
-1.0037479940874839e-05	1.0843351423331933e-05
-1.7728723712850143e-05	1.599412552044033e-05
-6.480158924764522e-06	3.330868465102741e-05
-2.1301201532356448e-05	2.1712885386288822e-05
-1.788771561523076e-05	1.6855691710946717e-05
-3.7571888990087826e-05	-5.6506076856038377e-05
2.2688994045241388e-05	-8.883553793616282e-05
5.994883329261396e-06	-9.120240697049265e-05
1.5407297686996754e-06	2.401494642403536e-05
-5.938531825144352e-07	9.178962329203694e-06
-2.1836349336400792e-05	4.316369007159048e-05
-4.379299739939051e-05	5.121687571702607e-05
0.0001049241183790429	-2.653461003251346e-05
1.6467572346439753e-05	2.65200637065125e-05
1.1616464628497777e-05	-2.8642703504425966e-05
4.45104919899887e-05	3.410245985855291e-05
-2.8454448923001873e-05	1.9798618937382136e-05
-3.4470007437742513e-05	-6.7563022773183325e-06
2.2280092872441762e-05	3.2214858984363294e-05
3.730118217340411e-05	1.8492448099916319e-06
-1.5706146672539553e-05	3.063305996377838e-05
2.9196069526667655e-06	-7.61474848603205e-06
-3.930749962141081e-06	-7.550831616675087e-05
-1.895492837054096e-05	2.0254635825914017e-05
1.3027717027925706e-05	-6.131033299747906e-05
-1.610610111569974e-05	-3.6810331316546486e-05
2.9959497434174683e-06	-1.4782972852832718e-05
2.9995161619501114e-05	-4.029430856115242e-05
4.3731284382968256e-05	2.545252040743878e-05
-4.689470347152672e-05	4.9717365597807655e-05
-1.3527261798944092e-06	1.5662135055313667e-05
7.942740647996633e-05	2.941591770321091e-05
-1.0449172598483655e-05	3.669295127847446e-06
3.910066970346882e-05	9.176106558384292e-06
