2048.0	0.0
5.0	0.0
100.0	0.0
3000000.0	0.0
32.0	0.0
100000.0	0.0
5000.0	0.0
5000.0	0.0
22971.0	0.0
10000.0	0.0
0.13412532552434892	0.13883618111426313
0.11337498627982169	0.16969719859893437
0.13907294588768282	0.1339614369557225
0.10774762333489159	0.17238732055418401
0.14365724946786118	0.13051132739716237
0.10259530969939915	0.17444025110057687
0.14684938051522964	0.12809222998184283
0.09919020780961611	0.1750749339129444
0.14926207281385	0.12691166732226286
0.09620813152831137	0.17489751994011352
0.15026753576433227	0.12644553353028234
0.09471444135268922	0.17371672742627728
0.15086385163075514	0.1272440962100613
0.09441766971914797	0.17161096169034945
0.14981639422881482	0.1288801595178945
0.09533709963943307	0.16782842463596814
0.1466779295849958	0.131552846515971
0.09800684014620781	0.16369222095870145
0.14297680870235938	0.13489164158121442
0.10159813654360308	0.15902292605640064
0.13769696821206115	0.13926201629682725
0.10594179165879518	0.15345336438560045
0.13166311692773452	0.14410258874536297
0.11165491820766223	0.1477073547360648
0.1252079022475718	0.14859585312435217
0.11722174648640343	0.142587341609421
0.11930090122260643	0.15232198462776103
0.1223581987747919	0.13804358621725274
0.11304991450153141	0.1553892998708368
0.1267394495827386	0.13446758533521122
0.10879550761748719	0.15714169404258066
0.12977008508680246	0.13261347150393504
0.10539466407857231	0.1574510188487474
0.131588595194885	0.13137682598535355
0.10366986109716174	0.15684967081647203
0.13216868663059156	0.13168447557402516
0.10327563770381112	0.15538927841416117
0.1306480831551887	0.13341041165677414
0.10470684039311805	0.15211538012346718
0.12841302298724724	0.13562465229140677
0.10664268169643318	0.14880773447573886
0.12527741165161357	0.13714426657077314
0.10896159806240999	0.14543225496259354
0.12151531014733484	0.14014888086762772
0.11183762586638608	0.1421748818994783
0.11799537276299332	0.14168991057880112
0.11414667867379347	0.1392274998630969
0.11471051423284225	0.1436788459838271
0.11668559605209369	0.13672891854819613
0.1117043672998566	0.1445696846156239
0.1187682321301523	0.13520298302069403
0.10943938660864652	0.14534164760236318
0.11986130672794401	0.13421737138966533
0.10826659616301085	0.14503502896627804
0.11960453343992802	0.13387266607529366
0.10740678141589735	0.14431086284207822
0.11933875766355526	0.1336218952072318
0.10725528935516027	0.14260950434242703
0.11860855927177956	0.13434889325442792
0.10755115498467377	0.14116062866621132
0.11723197425365187	0.1353829453568465
0.10882832947249688	0.13960211716536478
0.11528424939451978	0.13580103529734694
0.1093697367640518	0.13773078157755375
0.11351774013259552	0.1368130498700105
0.11101551700589161	0.13539953818518724
0.1116645003208797	0.13742163990805686
0.11199445949530026	0.13414910677778386
0.1094520351029696	0.1379996052332748
0.11266145843166968	0.13309418577652515
0.10813648700811282	0.13801836885124888
0.11317951209143715	0.1317599187395753
0.10706953399882208	0.13782967419356187
0.1137377299747901	0.13093539879747498
0.10620523854128155	0.13741261782586042
0.11373120272774709	0.1308526237839608
0.1057985034454203	0.13691951416650938
0.11293010564767415	0.13075052734554818
0.10534394620041496	0.1359322895282411
0.11214232926981456	0.1309954381784089
0.10572895663580692	0.13505969794905512
0.11160260121386371	0.1309373365051228
0.10629549429739031	0.13380135268813162
0.11013675449877992	0.13135169422321832
0.10668722885215652	0.13283621392289996
0.10895641011467294	0.13126396127994555
0.10696202851078171	0.13137457375141437
0.10779359944094158	0.13146054623141673
0.10703283055838665	0.1304432230242229
0.10698249193728382	0.13137309946048983
0.10735691632432363	0.12995150477096395
0.10594245727422776	0.13152077270220563
0.10722972096614265	0.12918430559332908
0.10558319574014469	0.13079786375564634
0.10706895114114019	0.12857473538293962
0.10473774740566218	0.1305128197649348
0.10693999971214353	0.12827346737626202
0.10427104117776292	0.130052999968534
0.10620681636429077	0.12764807991333108
0.10416951377484893	0.12965957195967717
0.10616171600385071	0.12761308637522495
0.10398487867596908	0.12869839432549202
0.10561149081100948	0.1272435488401593
0.10370789041006931	0.12831172423387135
0.10520690698848126	0.1266095939240037
0.1035432828781361	0.1277792459190346
0.1044162366432437	0.12637847508163624
0.10289861683665644	0.12710155405815618
0.10425637371835919	0.1255579911266398
0.10267995922420935	0.12685604076975698
0.1039739044377522	0.12569946372178692
0.10241588991266248	0.1265507956185176
0.10364284927272216	0.12527852084288527
0.10227658382214262	0.1257387670384894
0.10321994258704319	0.12491391672234532
0.10190861208671452	0.1252615122208648
0.10277563557948742	0.12433220307386036
0.10131435206081844	0.12492791709465809
0.10214953478642094	0.12400904001572152
0.10120318609176956	0.12423156719979878
0.10182751513040918	0.12370597057069968
0.10092917164098437	0.12390426457224524
0.10085658795171389	0.12370768734966107
0.10078344816836066	0.12294364728465836
0.10044081157833201	0.12304411141295521
0.10060818005756511	0.12291457121800503
0.09963067972123396	0.1231968715309901
0.10064186561266947	0.12180521739373433
0.09957709524754901	0.1228238305590638
0.09999689447535676	0.12135807503510046
0.09916701322933975	0.1224601347539546
0.09980663320877958	0.1207375085251505
0.09816878144472946	0.12168558954038713
0.09996155971448875	0.1198584520970172
0.0981701862597792	0.12157301840052281
0.09964192700569496	0.11957611808902474
0.09772517823181456	0.12134818232369007
0.09947771024475922	0.11916962679896909
0.09720766467575673	0.12029864465244992
0.09930775754928989	0.11907036464400177
0.09705230791696365	0.1203877189979458
0.09846441024805208	0.1190655058049424
0.09704178421538001	0.11943959449133595
0.09790622060533506	0.11853973974649709
0.09655049639257601	0.11873095150963951
0.09740094666653847	0.11864755828260516
0.09658791713468193	0.11831715563060852
0.09671579876002752	0.11839573720986984
0.09637188876950165	0.1179262720924563
0.09628668894115214	0.11836866130511495
0.09611395067603803	0.11723242950626273
0.09559366776351233	0.11775080780635488
0.09617242069802431	0.11651331149444047
0.09499637735609567	0.11783347360769006
0.09645240043627729	0.11603305532296385
0.09473909307621538	0.11719368305092748
0.09606604774791379	0.11558151137126213
0.09402684227411098	0.11698071541602885
0.09583116640944411	0.11498072470546203
0.09364908138631439	0.11629839587312461
0.09561161146720136	0.11464219652418393
0.09371079650292558	0.11576143057007889
0.09526158428009963	0.11508460000845604
0.09332342395894311	0.11527748607858372
0.09463271064137761	0.11457009930721375
0.09274288166567261	0.1144791597030318
0.09415359506511038	0.11398091827374149
0.09287728582159764	0.11410575008043025
0.09366977828781271	0.11415789917866878
0.09309196431793319	0.11328098727557433
0.09285757659138959	0.11394838481977071
0.09280453526450277	0.11324330325014732
0.09249470992914288	0.1132479387135497
0.09279908562959238	0.11195902976762136
0.09188823638434329	0.1134758425796245
0.09295346536598204	0.11184944594168912
0.09147252759009807	0.11291572402776806
0.09241484760432916	0.11147870889799415
0.09094534349733069	0.11231026823189762
0.09227579740093775	0.1107006529617313
0.09055571544715044	0.11231616890650917
0.0920558801193755	0.11052129994899587
0.09010677863514488	0.11188489474106005
0.09183086142264052	0.11051853977497167
0.08988336468815863	0.11159566004003112
0.09148441268947421	0.11025168308639918
0.08975463161335835	0.11094911523840663
0.09059052854508298	0.1095449849507657
0.0896344592168173	0.11039608724743584
0.09036722632338987	0.10942640121965808
0.08908961646191756	0.10974100829210874
0.08958294406019596	0.10899319506514167
0.08877371864026261	0.10948283875803633
0.08949859794690265	0.10866359995500521
0.0885670156232792	0.1088638902273007
0.08886781791581581	0.10843060461874747
0.0886459234364819	0.10854950348015487
0.08895704857085565	0.10851503853594388
0.08832466752367937	0.10802571581998532
0.08826451496878614	0.10789849230027121
0.08807860964457216	0.10749213108257451
0.08793510305127529	0.10790562834599678
0.08776436417651107	0.10727757629204682
0.0874162711665833	0.10739419728774398
0.08771326763041143	0.10659369897851623
0.08684041009928489	0.10693827877790327
0.08776526635240413	0.10606539880766344
0.08675088960620721	0.10696829753679257
0.08753741974450473	0.1057711929434961
0.08652686067649587	0.10632161179900429
0.08708486474667634	0.10553270807058193
0.08597210454946744	0.1059991885318036
0.08733068301914602	0.10465574499058647
0.08522891761126059	0.10611146775256328
0.08691955962450729	0.10486537537325043
0.08533343949582857	0.1054096443126457
0.08615341220244357	0.10410982963619413
0.08460193422692903	0.10511677629918302
0.0863542391598626	0.10398818837951385
0.08435543426532603	0.10525056077092536
0.08590156527288123	0.10335795905090038
0.08425396627471397	0.10427712182586335
0.08548696175454959	0.10325440435004558
0.08390817221064177	0.10383985920664486
0.08513381829533088	0.10283423239378597
0.08402653917928288	0.10318111750265994
0.08490115030961855	0.10268156599703385
0.08349107418453731	0.10281825098148704
0.08440069549432377	0.10252202248891082
0.08383506721954978	0.10236208874142848
0.08349660207062114	0.1025356436268486
0.08346589186604121	0.1017218996727673
0.08322040073071207	0.10264135571245639
0.08365714038327153	0.10108794585225257
0.08269046185714726	0.10222387329224017
0.08364113820403488	0.1008701241461749
0.08204469115646154	0.1014787933828601
0.08299671681501972	0.10030668308602021
0.08197106357040355	0.10177377254144235
0.08284553510083206	0.1000768220437814
0.08134226920750327	0.10114973198820293
0.08289091949875994	0.09938949647948708
0.08143303717780431	0.10050723653117927
0.08275904544678282	0.09881373450122644
0.08085177952047833	0.10039244055748471
0.08236403440789045	0.09877886159932732
0.08048210685910633	0.09978350989268112
0.08198425551631025	0.09914731150585429
0.08070138756347697	0.09920397141965659
0.08151813747536865	0.09875987034730495
0.08045324396950093	0.09842601424070195
0.08058843550753632	0.09885680260974705
0.0800906832406104	0.09821520758342678
0.08047362897625158	0.09824604343968556
0.07999415645299619	0.09761270341794671
0.07964970234282195	0.09824200462242659
0.0804503104349676	0.09713384772137879
0.07940806179096024	0.09754074240082472
0.08064137383218403	0.09670916834367732
0.07935912613047334	0.0975785766096982
0.0801744444389561	0.09638026566465306
0.07884382946068949	0.0974025775781522
0.07985621507959546	0.09613289961831971
0.07845897067112767	0.09700680230287931
0.07999482051054527	0.09611681658916943
0.07825008366143857	0.09632605407036414
0.0790867880730483	0.09574898060452053
0.07761579762037499	0.09650823470203009
0.078907340094611	0.09504668088771491
0.07778244096450372	0.09562629675843087
0.07838635766682407	0.09501279206959667
0.07791921917681023	0.0948511137185629
0.07788120237131534	0.09510348216914447
0.0775290890808346	0.09495139321114472
0.07728949930384016	0.09509604007001767
0.07786571510746126	0.0939100159676842
0.0771713415285151	0.0946963109643176
0.07736648626889232	0.09363359404863301
0.07694138695164122	0.09437678371765885
0.07738583779831758	0.09330893475904192
0.07644011642713393	0.09416686218738837
0.07723336291212186	0.09297083938626005
0.07564753739772385	0.09367113531216191
0.07730447169203303	0.0925430107168149
0.07560092936291293	0.09383639942472023
0.07689104682022743	0.09233672295608723
0.07517439235328996	0.09301806461774184
0.07650564101780004	0.09188205122591903
0.07496497779105693	0.09294787169497454
0.07632415067783364	0.09184105963371418
0.07513653034048214	0.0923113220456609
0.07593480128809096	0.09179817738224004
0.07509555435293087	0.0917510206913239
0.07514469985878573	0.09150194817424467
0.0745738359220499	0.09161034211764185
0.07456597519000965	0.09149326365350625
0.0744562755045767	0.09058168639960198
0.07428711590643064	0.09153230088127813
0.07461513579531899	0.09020139578019483
0.07389945620953048	0.09098028867069886
0.07466510524088538	0.0904469578457247
0.07354179296931866	0.09078841087999084
0.07420393447771881	0.08946258846110897
0.07297070822421388	0.09048236392885707
0.07427202919626243	0.08946823661167702
0.07286057055432826	0.0900966011817446
0.07383986694501762	0.08901881548943208
0.07272282374992257	0.0897128593812216
0.07354231418122027	0.08868311567038965
0.07245479323789657	0.08943407465624527
0.07355095190389607	0.08874261480397819
0.07249677561392597	0.08872605572947145
0.07259895292545943	0.08849000538864649
0.07205813702991551	0.08848430500987087
0.07249070359206622	0.08823460532136376
0.07252978179633764	0.08813866799198199
0.0719711489772948	0.08825823261411568
0.0720325778213834	0.08778775935022642
0.07132625030728036	0.08806617270379427
0.07183748663158526	0.08711824409690402
0.07140010996546646	0.08762218746412541
0.07177890672232888	0.0868174903840181
0.07093678782470439	0.08731753512992943
0.07161604848568719	0.0863679671605327
0.07049828685497594	0.08732095182662507
0.07169652416609565	0.08618371908268291
0.07031943092619264	0.08700911674979629
0.07160090597772835	0.08584688393462782
0.06998647211158492	0.08654490807247639
0.0713563440287729	0.08570156194478375
0.07005039510946945	0.08652186666656188
0.07046783896928352	0.08526850148931939
0.06965263900489731	0.08574776566183182
0.07029328971414604	0.08533615114084035
0.06978689028853508	0.08543189195231726
0.07023389067485317	0.08478702197025743
0.0695231588679281	0.08503815176373997
0.0691954458162444	0.08474249961655017
0.06948885409269598	0.08425773189811006
0.06923638409054084	0.08457093190101182
0.06946845493938492	0.08385662938025114
0.0686954990404909	0.08450830454600773
0.06883983760153173	0.0835368143331304
0.06838861257909366	0.08416118202405824
0.06896751180120621	0.08306541911484638
0.0678971365806963	0.08421694452908597
0.06882778823478049	0.08301662527381141
0.06777094102318683	0.0837991101957573
0.0688440401633558	0.08298749697411574
0.0674509848601134	0.08324005630332566
0.06869138946563305	0.08243484877347539
0.06713203827569905	0.08313476678538181
0.06791770763330243	0.0824679632771062
0.0671310709226754	0.08263678482413218
0.06764198046338672	0.08222761658663959
0.0669424921553652	0.08229282953379788
0.06752980035814997	0.08230331293779697
0.06662650571759987	0.08193757763614327
0.0671611411739175	0.08182474068734703
0.06664894774655442	0.08157463756837308
0.06649611886081369	0.0816468660521302
0.06659020979601017	0.08113087744531708
0.06614438626784401	0.08151995047803491
0.06659944445472465	0.08071425964260408
0.0655520884210489	0.08130963699768336
0.06647933250237768	0.08036160381857615
0.06574105766789563	0.0812598474568531
0.06655525485032128	0.08003547738754299
0.0657836928566765	0.08068485706585243
0.06619668297996058	0.0796505174888817
0.06550437809241104	0.08063972389846587
0.0662001579286695	0.07935389211285337
0.06534092856724708	0.08021801033682621
0.06577326706756662	0.07904375320961048
0.06497273141827359	0.07985096299194772
0.06563200260089033	0.07908414241535641
0.0645318699058067	0.07952150319059477
0.06479208663955316	0.07871281562940141
0.06447270241252176	0.07910135028224427
0.0646511467478593	0.07858289218174193
0.06434331588214806	0.07904757042342211
0.06438626492547159	0.07809962778159153
0.06407302880546319	0.07834532005266427
0.06452081587361669	0.07852336673409123
0.06420910042317178	0.07774829420291854
0.0639786411755802	0.07780565720210263
0.0638455830637801	0.07742327798812842
0.0637820350465991	0.07772679768123471
0.06375553578878962	0.07749454121495332
0.06316629198072547	0.07758516330430032
0.06333597821529577	0.0772248311158242
0.0634677191122879	0.07747587969321178
0.06337932760181267	0.07660865908110276
0.06307133788982996	0.07703205094235842
0.06266120942635166	0.0766939037548975
0.06286679730400621	0.07667301884630533
0.06265506385384106	0.07625099233439803
0.06256611799076812	0.07619217915354184
0.06228276785151019	0.07615877389218553
0.06209498624320174	0.07604711957622641
0.06241448818672724	0.07533570714394668
0.06235508963660116	0.07571735643855923
0.062267211981018214	0.07549138075712394
0.06189274359310992	0.0754568351282418
0.061727577044059435	0.07549662942776011
0.06154295176850011	0.07542887528151998
0.061783240974617605	0.07493687522095477
0.06173083750626085	0.07488425556113106
0.061491511332418265	0.07498450165017245
0.06134081845222091	0.0748591208819695
0.06108023333140167	0.0747704937510921
0.06102742760737897	0.0747555197688352
0.06090155837661058	0.07410458569621893
0.06082012361013357	0.07433138699365206
0.06062522817461974	0.07405104067794632
0.06058204389617779	0.07405809655608032
0.060291363244414475	0.07397874884481488
0.060347799177198055	0.07373238484070954
0.06006573562823184	0.07347175491808769
0.060177500118408424	0.0732891087531448
0.059822473399775	0.07317361533179552
0.060365316166854185	0.07328244066872037
0.059599079450977234	0.0727208987011534
0.05994047431828607	0.07294626421955902
0.05968326381378961	0.0728502259385825
0.05986366379713033	0.0723139179739663
0.05924388939356599	0.07274460302558818
0.05972054912761429	0.07264666599062145
0.05921387002279665	0.07259986323622684
0.05949673423953614	0.07204636268433834
0.05894207132055961	0.07243308531129167
0.05925841071710128	0.07175690128632242
0.05857637071365427	0.07184699520644419
0.058823320177796505	0.07141241375958415
0.058635031741348945	0.07166629621450683
0.05852296611716391	0.07173515533643562
0.05806665669650133	0.07118610665818352
0.058650846776158935	0.07088382660510863
0.05802569978866068	0.07135907690225979
0.05822037205595082	0.07092585019926399
0.057992426997724236	0.07067436128577877
0.058171283264399465	0.07085400289892217
0.05789420092177085	0.07095221127386167
0.05789278404298564	0.07043813473334454
0.05773912345839993	0.07037318416625932
0.05760266470465136	0.07014535789234465
0.05735533622749652	0.06989724013572628
0.05772116816274926	0.07039975716255717
0.05741550246032496	0.06981368837230544
0.0572090209171501	0.06982431990734762
0.05740321205738473	0.06935626800630289
0.05685260464451619	0.06963528786409998
0.057210622828471606	0.0693028693446936
0.05652928225345827	0.06929117412601253
0.05705419343804733	0.06879826060212077
0.05644084373455878	0.06889847648888278
0.05675317550726916	0.06877041918737027
0.056176424249952034	0.06868519483479722
0.05659224584383871	0.068183019471439
0.05585662083611481	0.06866278488416083
0.056520648638057946	0.06834665515899413
0.05572522965462064	0.06826497161117463
0.05641488796950246	0.06809964981216496
0.055849311687556094	0.06839394329652075
0.056102643760429755	0.0681859690608081
0.05568844280237757	0.0679921910489399
0.05546575846735902	0.06782226667879679
0.05494131128573608	0.06764324305496353
0.0552059047066061	0.06741456964486701
0.0553814157150557	0.06718283189383817
0.05508232575227093	0.06778615124095093
0.0551138049967249	0.06693742651023223
0.05489313775017397	0.06723465115796207
0.055293370489426744	0.06676310896523188
0.05418334527195201	0.0668968284912634
0.05453002927472833	0.06641494902012797
0.05403293262391021	0.06663663428985965
0.054528694462841525	0.06633336411289853
0.05411182426540124	0.06621219327797061
0.05469959243585874	0.06603025470540684
0.05400135191062703	0.066228490346032
0.05413605659198523	0.06612887864587343
0.05343801952985337	0.06590728519307765
0.054284968004419926	0.06568389238716346
0.05357235972275043	0.06575696009195654
0.053646702721396336	0.06566703374028039
0.05345586008772923	0.0653975128604246
0.053334150650148626	0.0652611666335428
0.05339954777484284	0.06511410882609867
0.05295256995770983	0.06503552446479444
0.05354700088151686	0.06472682495874678
0.05276816575626861	0.06489937734455327
0.05352157767167928	0.06423538966855422
0.052859712533700476	0.06505432203167343
0.05312881769792624	0.06449359114500662
0.05245876259665343	0.06443533439413401
0.05279948971740891	0.06409293075353965
0.0521204356310188	0.06450436598849073
0.0526504199049523	0.06401301375841553
0.05221807254928888	0.06395538152539597
0.052643759596800274	0.06392171067468964
0.05192649191206276	0.06350133939942337
0.052275033452669394	0.0635324276753535
0.052034100915822286	0.06324982137772911
0.05222890307744832	0.06323854710414945
0.05211544459649682	0.06283416405896229
0.05176203868074901	0.062871032188559
0.05189885487263962	0.06286078440824402
0.05105546654317882	0.06305211241534917
0.05163158388375661	0.06234026214511587
0.051127466809874816	0.06302728509816895
0.05170894864797845	0.062350280154277724
0.0507941660328846	0.06296803878493423
0.05158057122577005	0.06185641615711565
0.05039982609868482	0.062237260522818326
0.051249220336118145	0.06205125740543582
0.050448475962446074	0.06240707090703202
0.05137676198593326	0.061454568190858073
0.05038716839653562	0.06201355581105529
0.05074707694269388	0.061346616707360885
0.05016136425068836	0.062101571695685955
0.05087799460738904	0.06119193173748762
0.05028198567856051	0.06160527371577741
0.05031096926425459	0.061097779424843485
0.05009873991239483	0.060920107666234985
0.0499181539045834	0.06112629806614223
0.04997854999835935	0.06114000910260365
0.04959960138199876	0.06081161185331256
0.04987058864490696	0.06070529786466888
0.049452689045957544	0.06099314428276857
0.04976300508271181	0.06034919392220469
0.04936892796378299	0.06052040436097045
0.049747369138881954	0.05998714746451951
0.048925570130696976	0.06040057484923587
0.04959191303259244	0.05954673527178475
0.04881219898648382	0.06045026820900047
0.04956648065665727	0.059894154474381456
0.04854286918179801	0.06021119750979412
0.04943044163476458	0.05941575637781075
0.04845411222917455	0.059809883413116965
0.049092909598901	0.05923933123356563
0.04838010132254852	0.05944043490631826
0.04843245834925045	0.05927947436038134
0.04839189176515044	0.05905230999582663
0.048342917040749174	0.05912778498307597
0.04812115284969168	0.058557578653166395
0.04843762160433395	0.058831553246661845
0.048395642428070346	0.05879050408550296
0.048118704645676684	0.05884059418025424
0.04786876484241258	0.05825472617758111
0.047670987774882455	0.05908734677126469
0.04798529915658338	0.05807307412688306
0.04731775592088455	0.05882246832931826
0.047653891634175514	0.057904313367601906
0.04739459623768933	0.05829584317496309
0.047799706809531516	0.05775176567196362
0.04660588818446548	0.058005376623977006
0.04762756043524454	0.05756621287671742
0.0472602419334888	0.05795553290732919
0.04714667049166877	0.05730553230793199
0.047083320289041684	0.05753423563903723
0.04708368754440239	0.057211186234094644
0.04684770360127709	0.057532424410196716
0.04678906404168963	0.057289393226833636
0.046784254063094485	0.05699537666559887
0.04633888348623002	0.05761063100229182
0.046669539874223814	0.05680071473213807
0.04629748705756836	0.05692456297690074
0.0463198477157364	0.05668439324847918
0.046229958704709154	0.05669323761831326
0.046606723842532886	0.0562466333905129
0.04604760099096754	0.05658584064826642
0.04630171542822523	0.05579307366442076
0.04578383962248203	0.056407751534242136
0.04584904928869586	0.055616904940494205
0.04602202495068965	0.0560482960760752
0.04585823115438662	0.05559838428088993
0.04564359862776802	0.05613965063939744
0.04575174899092643	0.05567636214609241
0.045576805460741866	0.055955276332421575
0.045625302915328986	0.05548450188521762
0.045278836073792156	0.055615881009688194
0.04556383039137186	0.05539452783631266
0.04532211385031232	0.055472429879274816
0.045424756497425764	0.055329360953612884
0.04485865831317129	0.05484597520529879
0.04529238847322507	0.05540824091135715
0.045128825258466565	0.054747149914709664
0.0447262105131946	0.05464350073436693
0.044857607702962835	0.055107849320935945
0.0448994631694807	0.054808498961847175
0.04496983461514832	0.05431310924459225
0.04465396870090281	0.05447952226404361
0.044848799307566085	0.05393118179582747
0.044233939379627246	0.05442005260548603
0.044286892506650785	0.05408691417658647
0.04419191421237255	0.054201107441213925
0.044084559624486895	0.05363350010181754
0.043906598891345155	0.054118158018725326
0.044143972596307	0.05347951185647874
0.043771637224135386	0.05369129365174478
0.04375291629572662	0.05341451680461314
0.04398374430784316	0.05371704327796905
0.043511247231705734	0.05317644073389123
0.043448455169343925	0.05321051753604852
0.04349505521423108	0.05310759804925322
0.043366599591256605	0.05287219988677302
0.04336062548573343	0.053134961759287745
0.042960201415192814	0.05272399429167258
0.043043238184480796	0.05276786157486292
0.043166585804359364	0.052772818172452426
0.04317196008715183	0.05257357838203269
0.04335868152746122	0.05248557469977214
0.043127168062891325	0.052394227568467226
0.04269538099370383	0.05235367167228656
0.04274695357177601	0.05239628932428162
0.04273606618233373	0.05213166973645764
0.042383116677915056	0.05172039041563496
0.04267103468286296	0.051651404653972485
0.04244398421619249	0.05195610634040447
0.0424365773273497	0.051758218740928646
0.04208544506356988	0.05210405935686429
0.04263078362442727	0.05150571297900619
0.04197786613044282	0.05131203742258898
0.04192529913877517	0.051774438662802666
0.04211413691823486	0.051238452202045356
0.04185509551629522	0.05125927227005398
0.04179544926364103	0.05106975717769288
0.04183254412111018	0.05088755887482225
0.042000119655638005	0.0510668091177152
0.04157089417262207	0.05086101200611295
0.0416585837736613	0.050665953176459874
0.041897518669693684	0.050741958179368205
0.041823596721888706	0.05091484289255471
0.041273478086557173	0.05032987708126396
0.041115413805029755	0.050661239803972725
0.04153952887940658	0.05019154175851671
0.04089928834091639	0.05008444161050054
0.041282189369996135	0.049917448574989816
0.04087707503484249	0.050177108294282534
0.040957414923859785	0.04965592795623569
0.04096030181745097	0.04990208649339641
0.040621335602871476	0.04965735396418283
0.040775635892400956	0.04972343930142517
0.04055040828047451	0.049648022110180594
0.04023491565877605	0.04988117929679069
0.040494763571100136	0.04954689127825419
0.04006306218131166	0.04898935209707044
0.04073741077677515	0.049472470788898645
0.040422662749119875	0.04906267994532705
0.04038868053484612	0.04891538875068137
0.04038716697399591	0.04890409466938164
0.04010139942439288	0.048701818006140485
0.04005939650511651	0.04881847933512866
0.04013020327897615	0.04873223055576014
0.03977191399282377	0.04867664103012864
0.039604277196445235	0.048362825451986155
0.03955840305055518	0.04827213722732098
0.0395896560992962	0.04895801660263466
0.03993427407131004	0.048240346150678966
0.03907433803792048	0.04817967879178714
0.03993003648876838	0.048196155679276396
0.03912646719545914	0.04793780741146527
0.039452102781670086	0.0478091513209886
0.039149928145397944	0.04809794124981449
0.03935107939489853	0.04771370932657516
0.03896829108250901	0.04769867879071416
0.03918529841138059	0.047636180135873826
0.03907877524181044	0.04782254370851677
0.039001876639551764	0.04754667793232129
0.03873849166943068	0.04725377127129861
0.03878460345369829	0.04709977102848579
0.03911176649004979	0.04727848107375231
0.038463022624140274	0.04724070487603853
0.03856027606562781	0.04673426037507922
0.03825722310926612	0.04667773975996811
0.038765028967702536	0.04668393555972275
0.03845409921655837	0.04706003511687867
0.038315587421464084	0.0467030500241651
0.038174208060454816	0.04681827199948258
0.03819926099136009	0.04645071326239739
0.0379464139892949	0.04658337679559015
0.03808881091881321	0.04617106110437108
0.03809744509537715	0.04666652415452896
0.038049748178395605	0.04626796176234088
0.03780320060033949	0.0464589069979171
0.037840466672607286	0.046158907194506334
0.03762171920786316	0.046316940808651064
0.037826650924255516	0.0458822381919716
0.037617479455343494	0.046105781265313964
0.0374072527095475	0.04597742729151408
0.0376360255841673	0.04570287359115092
0.03709422268270501	0.04577660886256696
0.037623342995639984	0.04528410115533801
0.037064272378852986	0.04577241838360988
0.03726609907255825	0.04540259053981456
0.03698808129427879	0.04543975693792463
0.03717133399583598	0.045560142543728546
0.03696700070926628	0.04532342138429046
0.036936870650862	0.04508735694325004
0.03680155472505404	0.04512000344989329
0.03664523772799414	0.04489949261448579
0.03632337097139495	0.04503520177165788
0.037099347991013824	0.044526221659738296
0.03630198070199132	0.044546256245618504
0.036985847181622324	0.04447243698479312
0.036621774800031724	0.04470394132359581
0.036541016118544975	0.044423880617020246
0.03606138231991247	0.04443377368812405
0.036574977721799726	0.04432292886819257
0.036327198769154585	0.04418098556027092
0.03637189511281646	0.04394105167206284
0.03639287212057109	0.04426836356946866
0.036229216723756584	0.04383292018159326
0.035992500978534535	0.04395243216689804
0.03604932166169847	0.04378281145582339
0.03581851391581526	0.04352665590265593
0.0356340101506913	0.0436283052029367
0.035953871077293455	0.043829147759633195
0.035409254622036784	0.04387194606784102
0.03577619422489932	0.04355106213930023
0.03560589582865752	0.043191352762149776
0.0357306393304863	0.043310449149805266
0.03542127379265884	0.0435471051008143
0.03568059823037446	0.04324080947694384
0.03502778894041762	0.043231615392723625
0.03521110254875577	0.04306829484061278
0.034982866781257116	0.042805702931472345
0.03510839782119435	0.04296223637033023
0.03486720306403165	0.042858573190235005
0.0353168376430007	0.04262192593527716
0.03498363205583137	0.042605884978135396
0.03489200882889733	0.04239137097545426
0.03518083117913117	0.042487151149993116
0.03471342816511982	0.04248252554933817
0.034579720824303745	0.04245461539801644
0.034635697321125425	0.042711349907809865
0.03439393458252252	0.042391350511166596
0.03480979071082205	0.04188813697065892
0.034622225558652346	0.04215866569314454
0.03412626603631178	0.041936977794787514
0.034183155014639754	0.04190736233222753
0.03467810793307968	0.04216922990572323
0.03432809007339012	0.041874495493558365
0.033830063463380494	0.04160322485527197
0.034299853540355946	0.041388431140673185
0.033840130797132204	0.041554013347971715
0.0340958589754997	0.041474041900144865
0.033785190856409054	0.04167927965538165
0.033893485375831374	0.04118675718544586
0.03344692679842687	0.041671850136644636
0.03409243094693838	0.04100702547831164
0.03368216681135456	0.04128168212287055
0.03382127206603085	0.041003599278122374
0.03380953777756531	0.04075944552853386
0.03359598305884324	0.040558705920193366
0.033443664382463205	0.040994499904902885
0.03342988613090619	0.04079996303763048
0.03346021738160494	0.04066152527000174
0.03292592618212812	0.04071395557139601
0.03342437996755523	0.04050549595464591
0.033420560058607704	0.04079656832246785
0.033285127116609976	0.040052959114801306
0.03303400788219764	0.040559623620631605
0.03300750659157668	0.04018680809868958
0.032906565178771933	0.040402401122616616
0.032706194477773634	0.04009623468934988
0.032559472991966786	0.04029176645256641
0.03285849463208055	0.04009043042106687
0.032964729675640625	0.0400716550411716
0.03285176777367859	0.03981185715382222
0.03249828958979212	0.04007488877489654
0.03242815204772018	0.039813056964042776
0.032839119743870285	0.03968573815100899
0.03250433729829333	0.03965052142817894
0.0322966607645952	0.03931076732328036
0.032190094134914596	0.03978051851687609
0.0322291378709711	0.03956385230736917
0.03248113720741046	0.03920728972296244
0.032128948776906134	0.039340188593368595
0.032044978410648794	0.03910940141757943
0.03231711907960683	0.038840986082576634
0.031843377242248505	0.03916370506892364
0.03197051099281296	0.03888693973246711
0.031654453536648794	0.03861231553386989
0.031677111227553234	0.03876504004621254
0.031683399744407766	0.0387272379388191
0.03164447791859095	0.03853088026263225
0.0315281494564388	0.038545041908966494
0.031751254842621195	0.03852046310546023
0.03149044216054116	0.03845460679568487
0.03179756183168637	0.03840511038421522
0.031460008943842786	0.038540888282293836
0.03146489822867331	0.03810019966131355
0.031172806485540272	0.038204247491723124
0.03139001042265478	0.03787966438733679
0.031210084123800965	0.03801119965608329
0.031507098297687434	0.03782375828525151
0.030976227406403545	0.03798384177618732
0.03126854610910057	0.03790344439824058
0.031022457453738064	0.037856113974977006
0.03082943332164875	0.03738224573002315
0.03119332253568243	0.03760374574605235
0.03092690896667207	0.03781200596711944
0.03095904822068013	0.037595548882650896
0.030845003777172305	0.03741666609973886
0.030791275893899392	0.03728401689218662
0.030491409259491065	0.037742145794416454
0.030654160391618966	0.03677880647391878
0.03036123091290525	0.0369469968695306
0.030133762311967165	0.03724825094687433
0.03036727169488647	0.037198253338468726
0.03023451766083903	0.036621469817301855
0.03028373234873122	0.03720887893636921
0.03038682629482611	0.03658490558764847
0.030367621176969162	0.03663958919524331
0.0302862156579917	0.03688883542267051
0.029839003342076075	0.0366861408368472
0.030300061020416026	0.0365545472776586
0.030142808591347933	0.036548992607842945
0.03008302736719033	0.036694250180087325
0.029880767560719255	0.036365541609558676
0.02984889042222397	0.03646065125690683
0.029940022342492857	0.03610697811164739
0.02991640676978746	0.03663891110567415
0.02969638370464202	0.03617468343717966
0.029366464493710345	0.03608808561533147
0.029682383555074417	0.03597611311117661
0.029088554281414387	0.0365201626779824
0.029851278211611373	0.035858629575096244
0.0293762922606034	0.03606626312267766
0.0295610770060514	0.03586045513752839
0.029506178191144025	0.03572334645698671
0.029474381293056837	0.03581091738084411
0.029222463881511142	0.035889677237392406
0.029405820365886938	0.03569791129730335
0.02906666014318018	0.03562334596057082
0.029176417575456075	0.03550585329268278
0.028924414503064065	0.03505311894629897
0.028808682448206283	0.035138041019778535
0.02910654325996026	0.03527362722815641
0.02916181339807258	0.03540876166978741
0.0286489046218499	0.03526911174254546
0.028775799517608083	0.0352781943106167
0.02911433943465933	0.03464531326705377
0.02886755841806956	0.035017187991734346
0.028529749933664236	0.0347751421812843
0.028414805575340096	0.03465691167913246
0.02848891991407697	0.03477428082956495
0.028189010589868925	0.03478648566832088
0.028469460646792455	0.034675551500556075
0.028343137238262258	0.03479613539801426
0.02798860862171815	0.034473160443982825
0.028314906330648454	0.03434676724043631
0.02781545921477064	0.034216790119163266
0.027777629096354728	0.034089736763667916
0.028033229019594152	0.03424268715468487
0.02809996322552671	0.03424908133119269
0.02789281794158612	0.034026182398933645
0.027740965396821752	0.034410707010929284
0.027908652854025204	0.03403435062837255
0.027989858532602076	0.03427778638492486
0.02758190640583749	0.03366493289294839
0.028088332166122536	0.03442996137144609
0.02771133508550114	0.033785948836119274
0.027251523536722045	0.033856499281536195
0.02792797534384297	0.033845477428872714
0.027720681008616587	0.033564760121421476
0.027790457482232873	0.033820956840885076
0.027672046719050918	0.0337904504579326
0.027323081669942097	0.03316908227448785
0.02766262961001359	0.033429144094365475
0.027187776243799838	0.033403735764163896
0.02757279315525454	0.0334884357996619
0.027293482223606634	0.0332259528654872
0.027374832895328136	0.03302631620642624
0.02704049056614702	0.03340715645645776
0.02718355726763416	0.03296888961578019
0.02700877335379403	0.033198882987301115
0.026928552587798953	0.03312166138996153
0.026890653219112645	0.03288441648017991
0.027125513481737897	0.03251690796970086
0.026728661688605212	0.03289288695390579
0.026686000970012475	0.03240265509529376
0.027090755180077048	0.03248892978945019
0.026756122698760747	0.03273846643275276
0.026650478365105524	0.03238234524392246
0.026364421410842123	0.03259114758652863
0.026590285126959757	0.03229269172692709
0.02663446963501468	0.03236979970870616
0.026298169340385605	0.032511609984510755
0.02607186463890949	0.03259950741425449
0.026506500594137488	0.03197599359201904
0.02617051843814951	0.03199500760914245
0.02648557857896714	0.03209191085772769
0.026225766137030454	0.032273714197106174
0.026337160670282196	0.031997178062349974
0.025978348726620047	0.03180523672509364
0.026205312025301335	0.03158661617003359
0.02590004450593567	0.03193862826071875
0.0257938041881072	0.03167608349684893
0.026013894656336117	0.031542313623701225
0.026197008626062956	0.03181841785538707
0.02573110867782947	0.03164266911676039
0.025522307636373004	0.03150463659948401
0.025604236803586727	0.031619321962156416
0.02564284070257716	0.03166915082171665
0.025512312854245454	0.03152836030455236
0.02563950631824482	0.03117035943025767
0.025669282909302246	0.03133677702336625
0.025586273136193896	0.03117289131272551
0.025651521756588424	0.031226050411314266
0.025323022110881346	0.031187948130372074
0.02531069459833358	0.031106933037406755
0.02548405963374782	0.031135723107780507
0.025377903047806804	0.031016682912460913
0.024926546859008667	0.031092540895202178
0.02486234168982689	0.030785562724040864
0.025325863480090367	0.030504578803524127
0.025158636915680002	0.030554351972485606
0.025058332415624145	0.030636601872728448
0.02526359656619512	0.030299608723056638
0.024818515215233813	0.030564509995079397
0.024934030689809393	0.03017760170219102
0.025353699436415435	0.030518035905574746
0.02506571177150551	0.03052921650523699
0.024808435845348326	0.030390772465262374
0.024600290998689454	0.030264763006582495
0.024653360289856242	0.030588807762342726
0.025069049403644485	0.03013603183514755
0.024332149638967314	0.030081583240496833
0.02446323423722894	0.03010463142172914
0.024779829366071447	0.030051106012414813
0.024456615815843016	0.029917023510214694
0.024558438748071454	0.029705360437468426
0.024633159238503993	0.029961306189289987
0.024491397597653616	0.029728485853899138
0.024597256631352822	0.02986034545127063
0.02481591637689458	0.029645737552372473
0.02464121158719314	0.029569979947251558
0.02386529664040564	0.029553820684419467
0.024310909661340585	0.0294710714357702
0.024376672343454378	0.0294393215471939
0.023993391166545773	0.029581675711115953
0.024103357889720584	0.029715963351294346
0.02395137505087265	0.02927659674096131
0.02391936471317263	0.02898502162100251
0.02395282721881157	0.029213943374921156
0.023639407441743362	0.02922107560592555
0.023543952689924905	0.0291917516837652
0.023677890300759865	0.02907996714140449
0.024002115349177056	0.02855570627242295
0.02379599872395722	0.028570394948723543
0.02357528610619603	0.028989080044634206
0.02369717750515883	0.029138326631098548
0.023668528726482393	0.028546222132516855
0.023869518278969864	0.02866779639315051
0.02382555163901857	0.028895160799644354
0.0234186604075522	0.028451035664972375
0.023477581901065334	0.02898988586996891
0.023509327599150812	0.028690484641279698
0.023481093862781875	0.02829256563352052
0.023512652856527268	0.028448375619537246
0.023170000150121134	0.028649819191909575
0.023188698014247333	0.028443388108201285
0.023466322296550747	0.028438972789707646
0.02302378050634214	0.02833975147251922
0.023200693739055447	0.02829842849471313
0.02292698680623905	0.028148161604832637
0.023275652340666333	0.028130715533355805
0.022843289674256903	0.02845694214413183
0.023142446973740228	0.027715203304345425
0.022605651285472695	0.02769625052699922
0.02284711798871179	0.027689740930009456
0.022849246728392756	0.027869361996550514
0.022840658541093996	0.02800920567735861
0.022780676977544736	0.02795068575749562
0.0227174521431197	0.028039603981012205
0.022676817620391008	0.027814678373849155
0.02320020220176106	0.02784701484388557
0.02243594454974034	0.027804856185992106
0.02287643962462486	0.027539392559436153
0.0224010049340655	0.027504925746117615
0.022548181404268126	0.02715647486480541
0.02229441348014209	0.027309769303750505
0.022490272733857366	0.02741684293717411
0.02253999567555949	0.027469429426533805
0.022362218771308333	0.027357069556506238
0.022464558448653617	0.02680878507016074
0.02215292007244776	0.027303139381711555
0.02222242795835564	0.027198941490851544
0.022311609753431477	0.027172512593497896
0.02260030398857665	0.02724202546320821
0.02208035204444819	0.02721067874464256
0.022212502129063862	0.026779123995022455
0.022046762258124797	0.026942833532354188
0.022020287086349913	0.02692911445335524
0.022279148754318696	0.027040751486994086
0.021828043322441978	0.026625209869495233
0.021681210473965287	0.026900806963503266
0.02172525346643576	0.026786036874709387
0.021776447127042763	0.026778663737170708
0.022045435165896805	0.026747842464770237
0.021513721105844683	0.026422514695634947
0.021627796973307578	0.026745272816786337
0.021578276908137684	0.026275218033649503
0.02213819312527732	0.026302458437018936
0.021439494856658255	0.026434066402566903
0.02173910468775944	0.02624726636471688
0.021517354415467912	0.026012065719068854
0.0217572625796068	0.02618223704567379
0.021638940108045193	0.026256892445034583
0.021603186045463622	0.02665642474237408
0.021453501454879512	0.02594520446188738
0.021347997986003574	0.025777407933410757
0.021448255449464493	0.025934310281264326
0.021290200785507942	0.026067158532333327
0.02128940363432323	0.025943504277524426
0.02125874435174173	0.02591488855805158
0.021434263713407425	0.026012074207049086
0.021097637436563857	0.025645896910491694
0.02093678342847238	0.025824721291943662
0.02125457857202489	0.025758330776941486
0.021169638280941018	0.0259412936515737
0.020758397960475485	0.025379213253423412
0.021065730841636106	0.02576315492991775
0.020896333724212117	0.025232612173582577
0.020701805894762542	0.025750862544400187
0.021202644293193143	0.025575034761949837
0.020853326426552774	0.025356322089936115
0.02083466165294529	0.02508797171648979
0.02082472697088312	0.02545915544301809
0.02073360972859151	0.024990465167336377
0.02067719122731355	0.02527514567363951
0.02075593150605913	0.024956827455791277
0.020425223770487277	0.025056209194485576
0.02067326295704586	0.02526510482972174
0.02059604134080665	0.025412740397078106
0.020705657920813313	0.02505972238974277
0.02048915899048023	0.02482111156223152
0.0205400057962941	0.024728018758135826
0.020530661922501366	0.02501131352119528
0.020645588688853946	0.02478365785080256
0.02009892328219536	0.02466167752708255
0.020101987434653214	0.024443488699422308
0.020050123126346676	0.024674384578405015
0.020067237685320736	0.02447955251575469
0.020010246417492116	0.02449482539023077
0.0200585865984991	0.02497282226460246
0.020083933195151157	0.024759771862699242
0.020154720894052392	0.024684980744052808
0.02010062194230471	0.024581459671038138
0.02003749833567778	0.024432519123141226
0.019929622438655127	0.02432861133346873
0.020093217031708407	0.023967456758245364
0.019850433300134952	0.024292262763329325
0.02003392827737971	0.02452973926553022
0.019736138551554133	0.02414152649038101
0.01949372218434667	0.02425779916424326
0.019621703753199906	0.02396139995955494
0.019719568230546106	0.024468179600070167
0.019853681194485905	0.023943147862768074
0.019959293652406018	0.02385806445077623
0.019586492160793126	0.02397581299828301
0.019394019759099435	0.02381899554590247
0.019662121599832647	0.023859650635650737
0.019373877915627686	0.02382863353829023
0.0195983704342545	0.023801848608112033
0.019519503713207056	0.024007363798340127
0.019648164120044456	0.023946293887558243
0.019480245708522446	0.0236365018141979
0.019181961406153643	0.024011112495473247
0.019451794805606375	0.02386334136879207
0.019563976829009507	0.023677637524550314
0.0193722484977239	0.023308552743635913
0.019030183696717065	0.023341141694767586
0.019276680194685113	0.023310628543168354
0.018766816217434097	0.023683981551091082
0.019064488526400705	0.023338665083938726
0.01867955006833747	0.023087843423917884
0.019252665271168798	0.023063617258294287
0.018728135898808215	0.02351982651609628
0.018774634268956442	0.02313154556527719
0.018966932275253007	0.023107237084350505
0.019028319210048168	0.023132287238032116
0.01867014284030774	0.022925196185654032
0.0189440850000706	0.022916276453405958
0.018625181661034856	0.023013247254001026
0.01845377593782081	0.02271451628410383
0.01861748155897408	0.023027703379284097
0.018818791767315633	0.022853760613891015
0.018506087132889332	0.022730431103523636
0.01835163862918725	0.02270160658963802
0.01879083423689315	0.022805907487034704
0.01860375664955571	0.02242319421040804
0.018933491262509143	0.022302441339637318
0.018604739135812013	0.022447799942552027
0.018816665815427253	0.022414441990267354
0.018320565243181344	0.02229249778803555
0.01848459187311552	0.022294217415582324
0.018415075237687904	0.02222492765655236
0.01854376970660761	0.02228033452709519
0.018278270444461155	0.022434664012186762
0.018111654706087114	0.02240621826517415
0.01840341516803219	0.022336914057805305
0.018641302069340282	0.02256750273443394
0.01793761180260804	0.022144119556152676
0.01802169528916285	0.021886722894301904
0.01781949876167016	0.022024673342939442
0.018186783750471208	0.02221047456305355
0.01781688083156145	0.022395921570516744
0.018123232667283735	0.022171373962140042
0.018181611793121437	0.021932888112045325
0.017932620062783233	0.021979839606570874
0.017824573055647604	0.022008079162284037
0.017468692313736697	0.021924765591479954
0.017836976927335983	0.021805587307306022
0.017746254085659316	0.021425394900600938
0.01776575564467293	0.021391165686952082
0.01747436031108694	0.021500347275298714
0.017985891076743917	0.02172615715429517
0.0177800330832424	0.02151633971115594
0.017696812343509758	0.021729050779862247
0.017783358184936017	0.021428964347568417
0.01773220823252256	0.02150709194514157
0.017631842226275028	0.02160615938573191
0.017750046085139876	0.021374048525014483
0.017543714811455995	0.021348392842687296
0.017324857739892886	0.021208584070974902
0.017692902156405697	0.02116796383931943
0.01731314188111515	0.021021596106212053
0.017379323069969976	0.02090780360574047
0.017387520577807774	0.02132851171375981
0.01759269420022895	0.020899892614981756
0.017208958338119716	0.021228006884219622
0.01728057403587125	0.021086325860660667
0.017300292787398308	0.020951373597119842
0.017453211224948403	0.02107420916312327
0.016959219339828177	0.020995040724004075
0.01719560958363413	0.02081644360755338
0.017271438881800164	0.021039854517176017
0.016988872273998222	0.020522607746196346
0.01732353808359239	0.020944301156134413
0.016992542304532544	0.0205865315833353
0.01670087354114985	0.021060414843186666
0.01698779330377099	0.021039001202160474
0.016820845696320745	0.02069672475471517
0.016845841601769468	0.020855490699892985
0.01695015382196983	0.02053388092706844
0.017065621342062815	0.020538081586839365
0.017114904057442332	0.020428454153180415
0.016943329942063018	0.020540918718088958
0.016648892968007863	0.020474160518550364
0.016465713615940777	0.020718772653323933
0.01697753557410514	0.020434607238697472
0.016746465686227813	0.02015834134854428
0.016670036499294414	0.020467883403593665
0.016766703003831852	0.020421476574213678
0.016313648141620965	0.020207054298884506
0.01655487858216394	0.020341932319784397
0.0164330135115063	0.020221848734111137
0.0167506285708565	0.020317784305919268
0.016307758733234243	0.019991228444327082
0.016318757714583732	0.0200821720519799
0.01673890038345243	0.02019323009922265
0.016307870117633537	0.01998277783029647
0.016448040457578902	0.02003511214194401
0.016442340124560573	0.019706769142263037
0.016511773626028382	0.020080390554488292
0.016518985300188745	0.020051200544966865
0.016181936769631557	0.020112866914776623
0.01616526028407165	0.019693829787800043
0.016163578494759575	0.019793802380544193
0.01619031227145775	0.019477604578555484
0.01615459311752911	0.01965073638978082
0.016264789002002525	0.01979938251493642
0.016002976697625466	0.019617983238067162
0.016232982893148666	0.019678650216968626
0.015929752751986423	0.019342826022182406
0.016032518751995718	0.01988079518572853
0.015635303507417764	0.019428436847566836
0.016263692148535958	0.01953092337138474
0.015740279763850624	0.019578908690359206
0.016158241775470313	0.019199248191879632
0.015992270984235633	0.01954542045746483
0.015653040432555995	0.019735191046407773
0.01570085325023414	0.018951067683005623
0.015651826491978153	0.018930933162410766
0.015540195807344137	0.01940471275217273
0.0155960558106407	0.01903978525579097
0.01563158387985044	0.019355944801587845
0.01580012431043426	0.01875758056928202
0.015724587867876658	0.01876236508478458
0.015584348289192237	0.018886778928842215
0.015688739501301216	0.019140405238056137
0.015939602766613863	0.018883227104318417
0.015419724977113296	0.019136930526938965
0.01569250719817558	0.019035907308214556
0.015429706211682707	0.019052266578178614
0.01523674602261202	0.01902921488910329
0.01528339111221707	0.01883547651458597
0.015512482533980413	0.018929233948195394
0.015405876586227791	0.018712547036454606
0.015327486886389883	0.018638797766084694
0.015074111356966758	0.01895089764976603
0.015434352037330354	0.018516603495583123
0.015298635658191704	0.01849125904391242
0.015147101918381447	0.01861482078386291
0.0150245845400915	0.01846470961761139
0.014888076779396648	0.01873177535693213
0.015351796488448506	0.018890874461341096
0.015149548612305387	0.0184003090301918
0.015103964528777923	0.018439101505190673
0.01492875121780755	0.01849348731309644
0.015079173650881211	0.018368135471259997
0.015162214158555506	0.018453717072150808
0.014919762745516783	0.018418973551060834
0.014664599120646453	0.018109473148401577
0.014885428735181611	0.01862504265614655
0.015035555881931686	0.01822704011839435
0.014896267798500715	0.01828620060909
0.015015793453802051	0.01836298237290503
0.014673093842776628	0.01807355574982433
0.015030605912350652	0.018166343854243178
0.014733663076197216	0.01788141129776844
0.01477372720439218	0.018033344658659207
0.014952948368389576	0.017802277495427794
0.014700362324560054	0.01840308211059822
0.01457840901094551	0.01786365784491792
0.014675668631666423	0.01788774341377987
0.014668176765518728	0.01789155989016489
0.014556064787259597	0.017647142086066842
0.014437357520805726	0.01777647820861164
0.014141987473377192	0.0179973602312182
0.014334100095698112	0.017850334079313183
0.014682472734305913	0.01764693299800965
0.014362962792878867	0.017782591166673686
0.01465653953229621	0.017283952868084766
0.01467000887641954	0.0176869841887729
0.014317040430672681	0.017979266175661503
0.014592102101973859	0.017575426713249843
0.014309347377507116	0.01753430337465737
0.01436156969507689	0.017659896578432994
0.014284061850499973	0.01756200163364314
0.014382574231754095	0.01748248379083179
0.014706904361133161	0.01745576359663363
0.014402390591250423	0.017492115864692542
0.014483184002311892	0.017078652389137826
0.0142829687905465	0.01744185481980294
0.014193417742099292	0.01786124466321276
0.014344416912424647	0.017166588856216226
0.014367473564812726	0.01703575420882685
0.013936569388501359	0.017126306081854878
0.014032591146837678	0.017285072663736543
0.014135591644386103	0.01686165129076273
0.014129582010854982	0.01716150712581306
0.01408356351244211	0.017223850759907355
0.013675995467063704	0.016821404561171326
0.014232153630086364	0.01719898584289229
0.013836947074903353	0.017047166701004
0.014232692349895987	0.016631939411292863
0.01363631264813696	0.01706256692316399
0.013711291253569265	0.01677157402478675
0.013624946579719393	0.016890110967585543
0.013849021615315144	0.01670542273607824
0.013601034262801358	0.016655613940213535
0.013680543068678854	0.017053230004662794
0.013784599993197196	0.016791672691751525
0.013762760796624583	0.01678269429806145
0.013657449115473851	0.01666569786694684
0.013836151811808025	0.01678572875300486
0.01359346981675672	0.016485686941502712
0.013493416356739327	0.016808405758803623
0.013883797380081081	0.016570540913126663
0.013908723743330038	0.016964396640329206
0.013470254484327236	0.016691557181002556
0.013617604497119667	0.016767605623710873
0.013448109919722489	0.016237508871248123
0.013396424779319084	0.016396792212138297
0.01339754878430363	0.01665237970647314
0.013266500730533417	0.0164488639646441
0.013621197321639146	0.0161462639647637
0.013434588485837121	0.016436433827102935
0.013302425858671757	0.016215689436366938
0.013264974870419891	0.01655495283438029
0.013177398160364857	0.016186376483929468
0.013357775293531719	0.016241362826525607
0.01320841620400175	0.016298556865540277
0.013281401274815878	0.01648933870189531
0.013163121235908836	0.01627522673390169
0.013130849898401225	0.016058079077039558
0.013024215351474841	0.016145725938911656
0.01312272339218765	0.016010636380216724
0.013169318668578787	0.015790480278419637
0.013031926802782064	0.015674769510233128
0.013159975040184572	0.01625009179470022
0.012784639243295915	0.01594230280345618
0.01320451857181183	0.015856803736591905
0.013125252279505537	0.015707910082006324
0.01267538137452073	0.015798110381873495
0.013028946107393479	0.015526351962412858
0.013221973142550155	0.015500394288039124
0.012883538981869521	0.015670703586511073
0.012780035448533853	0.01572353063314335
0.01276600423694218	0.01577365158317463
0.013017400132647107	0.015337008622264134
0.012756645615666244	0.015516488057512401
0.012545954338991167	0.015500111752058402
0.012767556870504772	0.016051860491563905
0.012836273529545111	0.01601434500463513
0.012892709428485444	0.0156316908097223
0.013024431949987142	0.015451670049579914
0.012296749764420925	0.015397063163231497
0.012627174986566361	0.015353723433107673
0.012672499882344314	0.014919464488797805
0.012390157759138145	0.015466500019162407
0.012802732340920485	0.01523230403396187
0.012714487221316125	0.01544217402424323
0.012157682297549453	0.01518283340396153
0.012629900474459187	0.015595303701583943
0.012520175138160382	0.015368908595050178
0.012651139394475212	0.015162165425931485
0.012320308741948552	0.015270623529083788
0.012531235603144453	0.01552586983840561
0.012375388552239274	0.015290264069418823
0.012090127241802083	0.015317274340130641
0.012284442764580447	0.014973339461472772
0.0119938349018681	0.01497230063796447
0.012269277220807178	0.014820894880563294
0.012124118126462784	0.01500944431179147
0.012173182378487966	0.014976005764103325
0.01231215781914399	0.015386031981862924
0.012561878147627199	0.014839517287344325
0.012026346355523973	0.01498335626407343
0.012186861608357179	0.01497004696148783
0.012365684119194583	0.014740608508689539
0.012277054113754514	0.014971196158935392
0.012281178901680486	0.014709481580870681
0.012222188417268336	0.014955166234911669
0.012219483786687753	0.014808743123126685
0.01218891273683152	0.014819985220182188
0.01220650245333246	0.014676517249398783
0.012157002849568587	0.014921566803066227
0.012119662642701862	0.014397648573815574
0.011711913704424209	0.014577792873147463
0.012182226154776658	0.014451753985356953
0.012207084999278734	0.014632689087573793
0.012184122654727573	0.014364799924377752
0.011980283986211471	0.014235981042787019
0.012257214079153993	0.01435657864794995
0.011667781271424562	0.014420646558503124
0.011801980209721275	0.014571672509274256
0.011858218851393494	0.014689889639943549
0.011733407703725794	0.014456969382078227
0.011497257763341814	0.014224805225555007
0.011787217600468887	0.014741358771779652
0.011747296910772916	0.014329621122863817
0.011598100711186637	0.014345559599192774
0.011748391058855534	0.013936482760471186
0.011814478498060266	0.014463857450746067
0.011983962189335135	0.01453736355420554
0.011485220635420875	0.014336078098439151
0.011828673760302957	0.01406204652749202
0.011667821613982478	0.014188885726119496
0.011447589659278322	0.013971208628916734
0.011495411296665429	0.014054428451658607
0.011706226249008075	0.01408709627183739
0.011448268285986414	0.014305386461816824
0.011398092950775937	0.013947343675961513
0.011604172430917483	0.013898528961808057
0.011847907940510185	0.013952262768452343
0.011482518360641956	0.014213886700405387
0.011558246990605208	0.013765485610380074
0.011564565605143726	0.013946275832891746
0.011427629465186565	0.014218309258273621
0.011108499875065785	0.014024145201188953
0.011134805004646416	0.014085640926913567
0.011484584300408843	0.013665692650838515
0.011073818356473513	0.013784725985752361
0.011364823151512963	0.013674668795889867
0.011420902796350227	0.013856244888425528
0.011324213741720341	0.013693879240633179
0.011268448469605417	0.01373512048957258
0.011446716420545844	0.013501275092056647
0.011142461809571477	0.013782497001973244
0.011309478010139117	0.013406817459014207
0.011099141358946825	0.013665209832544057
0.011805981433285135	0.013810173147512856
0.010839079966432052	0.01311058057941528
0.011096936748925373	0.013432793297573681
0.011108969794951037	0.01379683668839812
0.010977470878003931	0.013551012662521018
0.010951568736872332	0.013438868200712646
0.01108853101731923	0.013592897737278177
0.010921993515120772	0.013424831688855388
0.011206382392726345	0.013160271529232617
0.010907663946625507	0.013147304065342535
0.011118490052684572	0.013536227107243885
0.011309348190348196	0.013395237818975411
0.01091745685545408	0.01330316370043192
0.010816366657849845	0.013227264898299056
0.011247149250328386	0.013405853344993687
0.010668238397094213	0.013208783411199031
0.011011255121639797	0.013401814530397498
0.011081039557298639	0.013268009445638667
0.01039722390462034	0.013229898340487087
0.010697679616565918	0.013219603401190749
0.010712018431865082	0.013457931708441881
0.010972089776570396	0.01334404552508796
0.010921913988610473	0.012975672776310903
0.010979587089353988	0.01302684142061206
0.010854679438840746	0.013512668196621487
0.010688901554438253	0.012860513837132272
0.010605278054028801	0.013059474515860783
0.010772087975658063	0.013133867949992927
0.01075763171054831	0.012953175338438934
0.010287321330405655	0.013075218782588592
0.011029760761188402	0.012876832028436624
0.010687336621087657	0.01310718426083096
0.010538684577133337	0.012900294253900671
0.010786621423963501	0.012981003132668846
0.010316089909854555	0.013092357334831151
0.010716749164293469	0.012698719169621314
0.010419253691422489	0.013074158662689678
0.01009647536241378	0.012901151976003184
0.010487908507822394	0.012947735895536073
0.01036919344476685	0.012705469589981989
0.0107807173226135	0.012616607811335246
0.010071157291033932	0.01313619978506015
0.010398299468873152	0.012878393267369788
0.010178640388979868	0.012456144264562772
0.010253860505677944	0.012471162857171841
0.010202898678719981	0.012767991271887694
0.010477917628577041	0.01281885278900006
0.010202275624031712	0.012378037767782889
0.010235084362461906	0.012816378382086902
0.010260786829283117	0.012190569148214269
0.010206027512830364	0.012425288418416839
0.010283075965545965	0.012507076177203794
0.010165499965129587	0.012474988087573774
0.010253768623592594	0.012361184629534061
0.010062131656399801	0.012566311513809283
0.010300842681225433	0.01257308759578785
0.01027644625586606	0.012376581923731683
0.009983383675196333	0.012288164496286972
0.010301357493466225	0.012169412791999878
0.009860891915382558	0.012371657759638716
0.009991790198605095	0.012095756797094678
0.009869730931705761	0.012265648540896056
0.01022155390037933	0.01217306774818306
0.010425374210990641	0.012507244613442171
0.009859419115730381	0.012300200252582627
0.009907046208398992	0.011764493995493749
0.009959054097173216	0.012181505663798796
0.009854283082919432	0.01226530777674916
0.009914702694041919	0.0121147365057395
0.009756138912896332	0.012240902341659489
0.009489878856718226	0.012070430452534753
0.00989862542197796	0.011820391502304208
0.009916187049499347	0.012243050929081963
0.009569447532357236	0.01214098515002422
0.009861654377127143	0.011695574294295127
0.009693531235751925	0.011846458218466839
0.009635036164414664	0.012142542494635096
0.009616397961592813	0.011921116507886605
0.009994531803110569	0.0121726706842918
0.009691529966041635	0.011686933018567089
0.00953102245627014	0.011897536861465116
0.00945481501827421	0.011955111387992729
0.009517342386957594	0.011844905808752287
0.009510480302845379	0.011572374741252993
0.009948093187416613	0.011482795272224646
0.00944228730237665	0.011505857376930538
0.009634025923720651	0.011873198009119247
0.010246279946999556	0.011831140994076486
0.009673454273089016	0.011928049818475527
0.009675400192944963	0.0117763723994908
0.009828089201481484	0.011652275486101484
0.009597904520763189	0.01149872752754155
0.009582977329457081	0.011492288939818192
0.009508986948644922	0.011760072224234646
0.009689168533654889	0.011775028090305003
0.00932849502969945	0.011464789462857559
0.009378268422870668	0.012292539288235406
0.009178311171681807	0.0111976968693983
0.009445056786967167	0.011480325032475874
0.009353839896415316	0.011380952270499352
0.00906076762844275	0.011476250309406192
0.009313329386753888	0.011221563519530305
0.009437144309911601	0.011611837754444486
0.009051668273181284	0.011494317114762531
0.009342504212966668	0.011481060052885881
0.009272280785095814	0.011335139068187975
0.009024633925481052	0.010841455271617614
0.009175321143616993	0.011316367016798825
0.008947432869304162	0.011364154988920589
0.009139504978972958	0.011340210910343547
0.009662218882149387	0.011196815962414843
0.009036903126248733	0.011283387073834802
0.009051095776806833	0.010927087841410941
0.009223364670906578	0.01143388904328045
0.009183117788938572	0.011171510297940475
0.009171555271371108	0.011261198836234824
0.009272873747111242	0.011354852877976046
0.008803725867245824	0.011457786391175152
0.008930018947265143	0.011034238931544265
0.009126543849109527	0.011103422609330818
0.008728537718699983	0.010905338128554208
0.009116842337787501	0.011162727089523459
0.008868551498447863	0.011119942550971474
0.008794414077878208	0.010993634609856365
0.008903542013308565	0.011196944613326177
0.009274129159874555	0.011062892843570609
0.008945388452579145	0.010915337115248159
0.008713881572733163	0.01069793302239304
0.009008672440899127	0.011065545393476628
0.00899259580948598	0.010715171457731942
0.008919112504652514	0.011041063262507754
0.008810666926297284	0.010503691070462465
0.008832308737468358	0.010660624742282777
0.008836001597161419	0.01094252164079192
0.008921891959843345	0.010844956760684313
0.008798858469339142	0.0110203088596053
0.008467625095894216	0.010882884447865561
0.00890143425877727	0.010671008305298513
0.008638010832493598	0.010757674002181828
0.008850420107128875	0.01069245266996413
0.009114855018681499	0.010607339691315689
0.00879371704280426	0.010593417764102228
0.008707040372981801	0.010653816886186291
0.008509337104369873	0.010718117393638664
0.008406540819717576	0.010789847273196701
0.00886146304107049	0.01063079877601386
0.008701246877193525	0.010777308455577759
0.008470815843354079	0.010224862276119484
0.008967785969679206	0.01076646169463876
0.008369034643526299	0.010638333528193069
0.00851698031397759	0.0104771181630017
0.008571579984141008	0.010501927139623815
0.008300485674838601	0.01030098464448655
0.008756468543045182	0.010147672546112442
0.008348435143045563	0.010639495211735359
0.008752364043203203	0.010398920430560652
0.008369809503914352	0.0105594920225144
0.008657451689353734	0.010188290243857704
0.008330104304090705	0.010541682286046827
0.008618441110516347	0.010554963754286967
0.008586588457265173	0.01010913014283708
0.008540804358615957	0.010209655815838707
0.008619402519128508	0.010575986006337636
0.00803206127286724	0.010381115402806361
0.00823324790192952	0.009836069174210881
0.008625974341676355	0.009862331201900566
0.008233041908573399	0.009985936868727811
0.008412410946323117	0.010272544491857046
0.008335107895388404	0.010126048409789354
0.008283202657869257	0.0101731367269419
0.008276365339606809	0.010320202392814783
0.008369431083071508	0.010195014616410727
0.00816313471309202	0.010055772791983091
0.008195677983227794	0.010161132195115592
0.008544491816418533	0.009657207726982949
0.00857282087732012	0.009730358655163831
0.008296254477144029	0.010197469362399453
0.008071253271080438	0.009822816162270542
0.00806038608068482	0.010077755831921447
0.00794062043622571	0.010131995631121226
0.008149679925476255	0.010165380991299003
0.007859955169279937	0.01012586825749039
0.00786905490200872	0.010425566745443671
0.008151985548599656	0.009889380153862485
0.007860210423077794	0.009876704761131139
0.008158221408922132	0.010043185668659485
0.008352076661948609	0.009927107170125045
0.008037453143248224	0.009900852356721187
0.008307947289036596	0.009866271789370055
0.0076553768506188126	0.01003388122632197
0.008178628939408064	0.010198580793022424
0.007831973994180147	0.010144214877017544
0.007704129587463652	0.009436189594394294
0.008191926811178394	0.01004873403513493
0.0078121548360731855	0.009666398418860212
0.007891279696339218	0.009573791247367321
0.008156025110773613	0.00964474723523209
0.007875300702805177	0.009619532910985398
0.0077922687204836074	0.009477889519469231
0.007854078036166487	0.00966640693983212
0.007945789329396422	0.009664420060157896
0.00791949279515042	0.009467684577072878
0.007814419204353641	0.009589128755548586
0.008014599480483896	0.009660471315132828
0.008093525224805507	0.009001928090249689
0.008056843504206736	0.009767667907393732
0.00808908823968643	0.009686749568433215
0.00807921494642481	0.009488412479917562
0.007685370554822232	0.009531464960513176
0.00769724333816079	0.009602351476440275
0.007823901722103017	0.009316386351142006
0.007684965227974237	0.009435593238488119
0.007494189210607846	0.009775823698830177
0.007611856460377414	0.009418260848359169
0.007415839364276547	0.009332466349082849
0.007876002676966429	0.009567460508042028
0.007411010484660371	0.00953448737230734
0.007741784847714544	0.009100264336583515
0.0073926374310264754	0.009292949840676355
0.007690383713026882	0.00934752745428212
0.00773691476458014	0.009711531993587177
0.007457344139383061	0.009226327484892074
0.007466049344895875	0.009312108271081993
0.0075156117358468385	0.009115980849551933
0.007386672246846882	0.009056917707461833
0.007479768018084728	0.009189335834764513
0.007229770609887828	0.009266560009861872
0.007470107580179124	0.009045677017958094
0.00735399287195453	0.009328185092306584
0.007527092669346195	0.009070309673374168
0.0070809387571754406	0.009105529892398897
0.007524658791187024	0.009261835537566146
0.007192919553925796	0.009115332122710786
0.007395960275937717	0.009046436661530505
0.007316253803551363	0.00892890494032013
0.007781298106168145	0.009211138654650525
0.00723011487692846	0.009034833574012016
0.007424093735185265	0.009066219502099437
0.0073128668806774185	0.00907401482734869
0.007170546871574853	0.009093089917814857
0.007331213291349929	0.009177559203573993
0.007085048570498551	0.008977049349717797
0.007338237466967552	0.009012766158817416
0.007203505782446775	0.009141004972727204
0.007319305800646671	0.008655691555100731
0.007113796909058835	0.008650246348482033
0.007595750367811161	0.008587837172203037
0.007002022938744714	0.008935397086027514
0.007187564279301175	0.008734851325600567
0.007172796749303385	0.008987451608474294
0.007320742971482368	0.00890176995471127
0.007101639725088537	0.008834021991229884
0.0072093773141174156	0.00858068383557274
0.007345819668704815	0.008635869231179425
0.007282241997041362	0.009001290681818293
0.007188182449033946	0.009158757279856593
0.007258536110317409	0.008928219394911412
0.0070894910122124835	0.008620845201144397
0.006974947176508909	0.008919484828169393
0.007161459441977479	0.008699167336796088
0.006918643907778742	0.008664517117863604
0.007326890648794069	0.008764670219375638
0.006855492478834656	0.008259051739525812
0.006999414841146116	0.008582809038568754
0.006891233690508867	0.00852640243873857
0.00732264186960842	0.008443548291226264
0.00749745911407123	0.008639547862265735
0.007055047759342023	0.008373933607242333
0.007131706315473976	0.008743954428985672
0.006956973671754604	0.008750369219424146
0.0070978526828709984	0.00843790764108306
0.007161882118156632	0.008504154712577398
0.00697408752004926	0.008744751526406889
0.007213446285770663	0.008160076602370728
0.006953671987872322	0.00842115853851521
0.006669663304733269	0.008122424635881505
0.006391400732209054	0.008386279083241214
0.006919478202539352	0.008678857001094992
0.006839504792577532	0.00800967973773544
0.006983338212384896	0.008179492687623099
0.00688121272561166	0.008164908987121414
0.006683077880497107	0.008422237116151697
0.0067009929636543016	0.008212292583970915
0.007124893322281484	0.008298672816131164
0.006924194771976382	0.008392856786784607
0.006885646613680057	0.008071622187066136
0.006613488987986901	0.008404610866091951
0.006856469005275029	0.008108073699831653
0.006852424052237378	0.008462884169716812
0.0063857172357436875	0.007974726715372934
0.006867621072268375	0.00846613940672408
0.006816207015492148	0.008118361012881298
0.006653933201695335	0.00814087967843221
0.006869973620376042	0.007895721406284419
0.0064105523664247845	0.008128916108903537
0.0065590452520435695	0.007954955102552829
0.007019194871548516	0.008304339293660836
0.006716492576690667	0.008088077894822167
0.006671292081164298	0.007884750330301272
0.0069589141325548535	0.008331029178491458
0.006756058104594384	0.008261915236164168
0.006326966000866725	0.007820988000730953
0.006558114463560317	0.00786066820743353
0.006651860224298127	0.00790170750085727
0.006635039360110324	0.00834842553346098
0.00644797694317872	0.007995851635725446
0.006628053650044853	0.007643573353050229
0.006458699396235685	0.00808641132770468
0.006465514646781839	0.007919411500436142
0.006389871898129481	0.007879634947429253
0.00628583542909669	0.008096066308707005
0.006823916385885878	0.007632963106056372
0.0065234449759511565	0.007616209206363195
0.006287814559125396	0.008269309870933701
0.00656616455354762	0.0077962624413714645
0.006519357283415211	0.007789265330580206
0.006151687017852511	0.008107205808929365
0.005993079564152793	0.007854754198821827
0.0061759600668006235	0.008070736490294345
0.006568728288180274	0.007977887689124314
0.00615392133779058	0.007772758605942761
0.006491080389447933	0.00790203319645552
0.006178812466318919	0.007773059126521777
0.00603211220357245	0.0077031193488228044
0.006483800545613817	0.007783767240776972
0.0065708388253304046	0.007508392434730702
0.006568536856019623	0.007800586753685087
0.006381771541708495	0.007543012153166592
0.006205020683520877	0.007721259966230191
0.006427185919871405	0.0073971000517421386
0.00607186858868578	0.007832972567405522
0.006221979301634091	0.007686578662300214
0.005894738161553885	0.007511555743769254
0.0062455735755714	0.007823049342329528
0.006214470055824768	0.007682935300784729
0.006240951236508562	0.007971851894272373
0.0063009601372973545	0.0077080942577346856
0.0063799569553383	0.008050039192326892
0.006195189231965783	0.007240003441502194
0.005942620926032073	0.007835797857581137
0.006100151169326645	0.007610434544537148
0.006446922394640817	0.007551681915479462
0.005927197770630786	0.007356452176208329
0.006166120069411091	0.007644364509271014
0.006197502507856318	0.007500277203151348
0.005804458279657037	0.007326422701802909
0.005891197749141488	0.007614224691571238
0.005976275594789713	0.007359034146572229
0.0062441330338864065	0.007362051350689369
0.005922572369935648	0.007452742086845567
0.006178551300422217	0.007669529552000106
0.005983720525860021	0.007740521579061025
0.006207996163947662	0.0075505917664212404
0.005716834200276649	0.007136861326819564
0.005955510549160604	0.007472902725596145
0.006120809646585231	0.0072430348225899985
0.005626327603560788	0.007480234234659117
0.006041064999380879	0.007545773094326818
0.005916709364245251	0.007422920976936412
0.0059928405388193886	0.007390575631832843
0.006012175195269682	0.007029693873392682
0.006098343856684735	0.007338514974470934
0.005737080289971393	0.007066486787166753
0.006012633810931495	0.007030158606327944
0.005841790011010549	0.006928921330888335
0.00602822503897423	0.007462059139233405
0.006002380991756956	0.007265495068687492
0.005779713928555203	0.006946934484370516
0.005691581248641138	0.007366760857844504
0.00614827677069717	0.007313732968859881
0.005399290234820126	0.0073939098385788545
0.006170376181487049	0.007180824613357121
0.005982235704626879	0.00720058835758234
0.006003560045711374	0.007227243960482674
0.005941326075142439	0.007418834173863078
0.005911811507686281	0.006693824085109782
0.005650701991673726	0.006836856886413314
0.005815263890450095	0.007136676337471271
0.005630885660694917	0.007198621083860227
0.005562357493794083	0.007113760698160041
0.005920275818463107	0.007101906348141543
0.005372673276947771	0.007146534424555777
0.005778526721397747	0.007180809887269081
0.005863863552558677	0.006878292423955151
0.005843436385729474	0.006748392894573267
0.005377374146555664	0.007392313123136226
0.005686608829427755	0.007065586816812467
0.005584623072544761	0.00687665457705918
0.005595844657497695	0.006839309220076946
0.005438204676355845	0.006980352223488075
0.00579976384906286	0.006793203360503789
0.005638786306156856	0.006839494060146589
0.005542449127486317	0.006902666188951004
0.005722926299382541	0.006519739372541555
0.005615197263432029	0.007080246809999554
0.005665375660983105	0.007261357497422961
0.005675284626480336	0.006535459783101894
0.005585489801517853	0.007098877866293876
0.00530848652297024	0.0070617093877358515
0.005734430483686958	0.006702431779404505
0.005491753554141113	0.00701762739497607
0.005681770259809745	0.006992607336011912
0.005310739295009309	0.0067078598030007675
0.0057099749947236485	0.006902116650631093
0.005482941634352089	0.006848215529470082
0.005384582449382593	0.006739900589085988
0.005366401145166309	0.006753799682001159
0.005689564128774065	0.006759682056717377
0.005668312972273826	0.0065745107981263545
0.005932104250106183	0.006408020704042286
0.005549970722438882	0.006841426739883414
0.005453637976819888	0.0067240951669559745
0.005075200230910829	0.006631951633865791
0.00511504134921353	0.006945483326461548
0.0050770353906821495	0.006489441288740141
0.00565691704258845	0.006542354363960213
0.005407145355816341	0.006469211508848449
0.005560959980099555	0.006958276459895475
0.005336532120345476	0.006567311641829248
0.005048977694116334	0.006713008453544254
0.0052753895591756556	0.00676388371222342
0.005604630830048691	0.006500102173573753
0.005354969368242435	0.006688093806758879
0.00552354812002246	0.006666848252293348
0.005149461952287073	0.006795719851459435
0.00525906947790122	0.006636376832817188
0.005483235673032284	0.006619490039856668
0.005080921870569011	0.006643528912372302
0.005099582593887617	0.006551083893406051
0.005439368829897814	0.0063569037627538415
0.005374527646128434	0.006443990399059333
0.00510765322235632	0.0066023418523404095
0.0051167675297457225	0.006657339378980935
0.005361456431635511	0.006694700275344392
0.005150399054894354	0.006365068396777805
0.004892450832279527	0.006796436921404587
0.005172179774695712	0.006484013677184362
0.005301797360713989	0.006186735636047814
0.005383988110872822	0.006430953606622972
0.005244374540495531	0.006412354853419457
0.005207322707243456	0.006650188988403133
0.005142099393613425	0.006455244766758742
0.005140200180710945	0.006348779789049937
0.005150932068275092	0.006076463106106964
0.0054021556699881	0.006177104014404117
0.00524364555089548	0.006373472132656438
0.004770244340330967	0.006656998524234684
0.004975703244413978	0.0060382947940426515
0.0052111127928848875	0.006554047587097769
0.004782987416181366	0.0061314465197023224
0.005091379050764067	0.006294988286337226
0.005021652065885686	0.006186502152746771
0.005176827358821852	0.006109703838007
0.0051798450341411055	0.006206049016117482
0.005141694303113327	0.006218306766789157
0.005157917779337071	0.006191025432489772
0.004959771124608202	0.006242851443731903
0.004977965326760446	0.005993973242902524
0.004635461311592615	0.006015500027841622
0.005005237388310149	0.006444011203185101
0.004729694448769885	0.006133792607797426
0.005158923781798998	0.0064006028211428
0.005141392885174548	0.00643928873425372
0.005063621844542716	0.006180734556738841
0.005402485172254108	0.006434473872597383
0.004733543460272581	0.006287119100811246
0.004495249856339384	0.006021926711308411
0.00441425815620365	0.00629979777282182
0.004809007563144301	0.006155893890127357
0.004383654116219558	0.005697502869537292
0.005126293146021614	0.006370660668096266
0.004909144947882314	0.005564497601739499
0.004749490402849982	0.006157866495581473
0.004689582044409391	0.005931877380670544
0.0050639604588238836	0.0062098307358474545
0.004399131869750871	0.006163528136776838
0.005058999964055194	0.005907204074351282
0.005282279004964022	0.006016481650240783
0.004877150655546692	0.006339883593889023
0.005163241991736338	0.00588501104174239
0.004643373387737662	0.005853179358524258
0.005084655494003319	0.005737117746992401
0.00458121973284084	0.005988371030721802
0.004918505986951873	0.006086997929456484
0.0046676851186953465	0.005811429603933652
0.004948756915691811	0.006136259578589521
0.0048594132210574344	0.0059481359173724525
0.004770015647331382	0.00587913727838648
0.004839011011742784	0.005793415009266679
0.004617558513002922	0.005745130040060493
0.004861717777962756	0.005650180961980141
0.004602719479521046	0.006006926140104602
0.004792260981264745	0.00555050445307967
0.004485011791032671	0.006109624899734928
0.005230655540666155	0.0057994935561918905
0.004376203876504415	0.005689113973638773
0.005113711946251746	0.005498171651310047
0.004581621253580177	0.005813729128611884
0.00499437559406874	0.005916611676419134
0.004346688139478359	0.005918869699508427
0.004720918343087962	0.005638961311214309
0.004882819121245177	0.0056916040539806804
0.004598909102357367	0.005720994430237086
0.004515963126915066	0.005712109241211081
0.0045906009585178565	0.005253215331576793
0.004613687041647065	0.005827573661226876
0.004745150415446733	0.005682390049183051
0.004768592666675759	0.005948759908301408
0.004693854477528804	0.005707340373532161
0.004992811857556571	0.005472930156216703
0.004361162167938572	0.00590923823795562
0.004537845195985965	0.005892947097638343
0.00437977104132324	0.005691118878161584
0.0046657557833974725	0.0055335742110610405
0.004611457648295181	0.00542193465096436
0.004015492347247432	0.005806137366097515
0.0044742127066457514	0.005430210795021145
0.004766295885452446	0.005430866764395698
0.004689831981048862	0.0056713478598774915
0.004534917341084519	0.005658243071671095
0.0042647794370772145	0.005574756474708542
0.0042752491406900265	0.005606126160098357
0.004657812146610757	0.005649602273956721
0.004489557541565593	0.005562716024772005
0.004093791137718119	0.005659219864298375
0.004609552590590651	0.005519625531720193
0.00438995176284092	0.005630492216653949
0.00415828250475034	0.005469924828035199
0.004619214287122081	0.005321240986447353
0.004311327711367114	0.005513927164351745
0.00467953044605382	0.00529589713661803
0.004697909086717735	0.005596577343712902
0.004556036243854505	0.005595186459742102
0.004298829206526088	0.005187101393870709
0.004584476334228257	0.005259081190628298
0.004648798166104424	0.005211495766819339
0.004660360456042557	0.005263699969132561
0.004655486689826327	0.005088037235160595
0.004305080147268649	0.004921002008401491
0.004272506384334143	0.0052475493766959294
0.0041969712320625505	0.005726071418135119
0.004680809880027324	0.004835303757582045
0.004197365475439189	0.005236012714729832
0.004461299316726308	0.005238617501682105
0.004090185775707907	0.004875122322755418
0.0040627493704949455	0.005281423094873921
0.0041553571286045326	0.005290402267600936
0.0040609315265199486	0.0051905029772728465
0.004244689184171812	0.005388560066539797
0.0042560732872718235	0.005259098230338231
0.004080153853531564	0.0051617862288667726
0.0040604727539087304	0.005604788529591785
0.004435961164293673	0.004911900448511532
0.00415444535182598	0.005302989168453406
0.003998063407481701	0.0056894551258284826
0.003993715350240647	0.0049089536713068154
0.003948328239003955	0.005056688665380975
0.004156680328863384	0.005111037166071375
0.004237460037011819	0.005717413636849448
0.004364670638267205	0.0049013414537166546
0.0042661814028417296	0.005483856487283299
0.0042607365636627	0.005213421076214469
0.004278621912990941	0.005323922892241227
0.004106821320930081	0.005400866205593121
0.004233182239518742	0.005211712589214327
0.004473184590359269	0.005555061092442926
0.004047251472984815	0.00510159884771611
0.004158140908421448	0.005337546791620897
0.003921621331564323	0.005008415108366423
0.004156794614924442	0.005128554461114716
0.004169036841517896	0.005190655628467545
0.0043022730072004	0.00461304837100018
0.004089630432003612	0.004967712326042776
0.003912691147159012	0.005229038726715271
0.0040468573649393965	0.004707734885782317
0.0038453520709722795	0.004435221872021578
0.0041005306856730424	0.004821837794357409
0.004057603608822358	0.004843970839553813
0.0040291792696939225	0.005193349152656041
0.003971717581722627	0.004832871949577075
0.003918405589651225	0.004635948911564188
0.004021014383103448	0.0049742803219489495
0.004161622981245192	0.004877778882938407
0.0038501727664293542	0.004993640898749535
0.003981954803539712	0.005153663627984544
0.004134129410412732	0.004895817207209532
0.003916455204756349	0.0050407447235032545
0.004055275927106377	0.004622021742164651
0.003929506263968559	0.004895205982884448
0.003970485389683644	0.0047807701108553225
0.003993289136128366	0.004830294507556919
0.0038401553378816303	0.005127557591821228
0.004168272937015001	0.0051036689971229125
0.004027461542314543	0.004951111237904329
0.003746930242427411	0.0053317080724068775
0.003952239084910544	0.005034908623388322
0.0038570972290044104	0.004993359419659013
0.003821891574484218	0.004606024393740863
0.004170942699844813	0.005196065557753118
0.0038388649592076135	0.004677984688475759
0.003750963934022053	0.004688289245679512
0.003530611173777136	0.004762850764105358
0.003770419420438153	0.004393684296180317
0.003930137817854194	0.0049789142901417345
0.003601805342962273	0.0050694544562580705
0.0038686049406463836	0.004560458867737337
0.003507948059085305	0.004825189782639983
0.003931893594576073	0.004894688638056997
0.0037855960534270033	0.00479517977227241
0.003845613538308648	0.004768233649959572
0.003588528334582081	0.004561452413749975
0.0038119369813565977	0.004715553607077149
0.0036832477509750445	0.004452524018202798
0.004057015280456697	0.004904875770125791
0.0038249229454803257	0.004669113597083077
0.004241767228867071	0.0048352137765881485
0.003520056316732305	0.005042443935287046
0.003969173205813594	0.004696579973636272
0.0038138888476425947	0.004894591385959132
0.0037911850541732595	0.0049905073925148235
0.003936262021098844	0.004597268733486298
0.0038084902321252065	0.004817410833656271
0.0035154992391190935	0.004402118976954278
0.003325599736862434	0.004567420870353239
0.0036126408824217245	0.004746498243312578
0.0038816311354002717	0.004881025287398037
0.003973581176120671	0.004309827790456782
0.0037674430401393967	0.004434365727970754
0.003697274210894311	0.004319104047569994
0.0035674646751368048	0.0046942511268473755
0.0033881389904517585	0.0048388823434703295
0.0034209119037176337	0.004549765652231646
0.0034417460819122347	0.00447053533915481
0.0035769061356918127	0.004678543085685479
0.003761860546485993	0.0043998084597183995
0.003731627342321357	0.004391346094380454
0.0036656740953337954	0.004541947909847469
0.0033912256140695572	0.004677035382790919
0.003503288109056028	0.004529110976604808
0.0037390948779968593	0.0044696565691880255
0.0037183492526001766	0.004503200794718783
0.0032530046943414566	0.00435306569876172
0.003583328379420969	0.004384957190283332
0.003918112976636956	0.004392602030802546
0.003632362166115504	0.004654445785960211
0.0038997901272032265	0.004446584739936688
0.0031868401301028484	0.004296318269084808
0.003777740066101503	0.004389723062679903
0.0038844193633273605	0.004363700036626203
0.003267969875806249	0.004222621084590266
0.003533476882062547	0.004090454801641084
0.0034219607615660714	0.004699024114344538
0.003248897816191811	0.004409962664127077
0.0034614601989721872	0.004393700765102852
0.003792190582137562	0.004523730611099605
0.003747021443259763	0.004504784941999359
0.003522366675184691	0.004352386440275744
0.0035803286910164717	0.0043737907614141685
0.0034851127370630524	0.004551864639088137
0.0037616071461211327	0.004100863191763769
0.003185018783897319	0.004121308034477335
