2048.0	0.0
5.0	0.0
100.0	0.0
3000000.0	0.0
32.0	0.0
100000.0	0.0
5000.0	0.0
5000.0	0.0
65299.0	0.0
10000.0	0.0
0.3086865760264801	0.2595443335122732
0.20049148506005457	0.37355407222164666
0.31848603070823184	0.2537374503557884
0.19050154296633554	0.37480826902570313
0.3246548175764746	0.25128577812475034
0.184675918608984	0.37385874341015113
0.3270256440927728	0.2518508051016764
0.1826049701497249	0.36898553059404127
0.3255552541042283	0.2555360151747208
0.18382406267018198	0.36231116358004806
0.32086281706301656	0.2615127672181573
0.18844037574445333	0.35246397078462466
0.3125339121164502	0.2698692403168814
0.1959889041172581	0.341622626411117
0.30212232802288125	0.2795358389197194
0.2061004887941017	0.3290459770542701
0.2888105217098709	0.29051939897205126
0.21854200147485484	0.3155445187810696
0.2737781874807566	0.3017682828365683
0.23212370966723478	0.30232974455967504
0.2582669713346629	0.31243428700909226
0.24606212674961325	0.290240421439543
0.2434458838249687	0.3218656210861122
0.2587738699762328	0.2791687638226879
0.2291566708310297	0.3295353156654297
0.2701603638039133	0.27095304201221904
0.21746078229328625	0.3336712652159249
0.2784252034538879	0.265785323196467
0.20954060533798666	0.33536995256620267
0.28310323922721314	0.26389783284826435
0.20474610395010506	0.3335399393382595
0.2838717768891648	0.2653442220884299
0.2038284253690657	0.32891268808458346
0.28093868754811874	0.2690468724864696
0.20651576178710132	0.3218172492920454
0.2754483459483084	0.27469065070916715
0.21250067881239665	0.3137255685857881
0.267157364395075	0.2819333956172295
0.21954274104150115	0.3043629941662737
0.25752037373789793	0.2890070046660284
0.22763229111607608	0.295123398603214
0.24737094471955828	0.2961709099032513
0.2360775390609167	0.2865349250207375
0.23756515454514093	0.30122521177576106
0.24380661937465456	0.27930542150960314
0.2287893656551436	0.3057676775373866
0.2500644281628046	0.2736917530597348
0.2214692717952731	0.30778155615660224
0.25525396733406613	0.2704001204441418
0.21625785969112263	0.30854359761289313
0.25751001563870196	0.2687655660275888
0.21380067774824976	0.30737749508119255
0.2579308242580972	0.26852571822919324
0.21223300233870854	0.30466108286743143
0.2564905580676829	0.2705727880185318
0.21333038384032602	0.3004052126109792
0.25283231164986103	0.27318900078384206
0.21565803168967423	0.29546788454546036
0.2482803140870468	0.27609794337027804
0.21949415357050728	0.2905166612514602
0.24297814289715858	0.2796597101205843
0.22337797075038798	0.2845748408229428
0.23701351632341866	0.2830173636145105
0.22723932083550016	0.2794514451612714
0.23094345758264814	0.2855490368615725
0.2311512965710666	0.2755498064376142
0.22595638608250762	0.28760780299164634
0.23479797279427383	0.27157123108033976
0.22147364549290766	0.2892365561554081
0.23696519349441558	0.26874989446165876
0.2175953671756701	0.2894528670313565
0.23837479406783924	0.26713994009452885
0.21531612677751485	0.2887766847024655
0.23883109759492377	0.2661552164845911
0.21390567625034596	0.2874333447954591
0.23805382494441876	0.2661194576694859
0.21387130539619684	0.2852100604681863
0.23673113560548056	0.2659594547146658
0.21382299126259796	0.2820941820795344
0.23467069969037618	0.267446921778056
0.21437715150267223	0.27922969848583945
0.23136398338737463	0.268644630958433
0.21602592417280375	0.2766696225596095
0.22902917630722278	0.26980378436446856
0.2175230426059999	0.27341590752118866
0.22536644268871034	0.2705977300356854
0.2193390148750048	0.27053332067438157
0.22237933713962166	0.27156083702152506
0.220945479965084	0.2677185473624612
0.21979788448158707	0.272245393614991
0.22182063564532786	0.26542949723463677
0.2169802648034798	0.2722359727631806
0.22226745599001368	0.2639476992321535
0.21519136181853743	0.27180744804644436
0.2229851244684879	0.26238875638473486
0.21319823214225403	0.2717083754163617
0.22292197357882634	0.26170372872453507
0.21207181667657668	0.2707159826559217
0.22229730046290722	0.2602007300546497
0.21098890631121475	0.26929794048562683
0.2215207842615203	0.260518238940497
0.21110120822758682	0.2675680977370436
0.22043029382209894	0.2601534535700776
0.21041769244894137	0.26601904391685804
0.2186410429800238	0.25978686746238133
0.21059707523731777	0.2639926492022255
0.21702132949569752	0.25984913687620015
0.2111895188687345	0.2619818286428311
0.21535286062073006	0.26004629761315035
0.21154375307025636	0.2606063758229055
0.21318792970708256	0.2599457245536721
0.2117280433027207	0.25850502540006404
0.21168295918438604	0.25983836096207974
0.21177409374915224	0.2566119940324419
0.20945520461462092	0.25979868885587726
0.2128754988265998	0.25512282954930804
0.20766437009027688	0.25968116089923776
0.21234003181982306	0.253855361312657
0.20645328481936456	0.2589289728142845
0.21266777194506128	0.2523305796353605
0.205233630571946	0.25862066861990196
0.21240965355325317	0.25098591233313267
0.20450717672264226	0.25742114102245006
0.21213777937675526	0.2503787428835811
0.2029739112885344	0.2565139972668681
0.2108326406669831	0.24982133001847548
0.2035715027120023	0.2550212003532978
0.20984838464578323	0.25018029126912705
0.2028916521774199	0.2538282017928868
0.20864426209714293	0.2496573444653601
0.20299283131274382	0.25196931197485345
0.20727374880629706	0.24946326658882828
0.20307878547298322	0.2499443524250824
0.20525173737237895	0.24958965828692287
0.2030413905229762	0.24861784172595539
0.20382578517850247	0.24973026083825062
0.2036442536417399	0.24671084116885988
0.20192844736075807	0.24949438681327482
0.2031975162917161	0.24512994839547025
0.20026824129014834	0.249002960463363
0.20399895522536143	0.24398645869932448
0.1982646362375942	0.2483044553441293
0.20384668649353382	0.2428788715353645
0.19768581734027313	0.24835691918099895
0.20378930081694357	0.24189129088776684
0.19658085996825336	0.24710196266648457
0.2033674344874158	0.24104012251250123
0.1957449638395473	0.24606272413681496
0.2022183473941017	0.24060541311984182
0.19567588297381236	0.24457065024646363
0.20122959605018975	0.24036761631871062
0.19505821770763923	0.24316949815795552
0.19990645403625612	0.2400210224465236
0.19504649256686063	0.2416390397684846
0.19819157652521474	0.24008000740010488
0.1954446055440764	0.24026556026707047
0.19655758792511152	0.2399355669635517
0.19573057373217706	0.23826664427952343
0.19510446557515793	0.2401443943762528
0.19623454555111827	0.2364791176008971
0.1932514679054971	0.2395761608018508
0.1967427416861171	0.23471234535055363
0.1916754763556781	0.2393116822391296
0.1964752329137603	0.2337440611344696
0.19004600599522745	0.23906869920810705
0.19648488708539913	0.23270837705858233
0.1890064110204347	0.23800363451702852
0.19564068118256936	0.23183044299802047
0.18879838498446283	0.23730205308144492
0.19512997597831577	0.23159078918490297
0.18803147378362164	0.23601647375642537
0.19404795555392546	0.2312807652473952
0.18797455911399477	0.234477013432284
0.1927353272871988	0.23135864752393825
0.18783289044908966	0.23286902169372312
0.1915508675308889	0.23113085796855087
0.18806690086383185	0.2314331174651037
0.18991856097804544	0.23122724317061802
0.18786378592175934	0.2296304630440935
0.18826669207250837	0.2310240873987626
0.1887164380566009	0.22813161127483111
0.1867314211750856	0.2308255490020074
0.18849143952488165	0.22671503501343104
0.18518231917855768	0.23064369195589557
0.18883098545470467	0.22607277779464305
0.18420417088503035	0.23003358114312322
0.18900565058339902	0.2249468060235388
0.18259698742967126	0.22945685049197062
0.1889224994738368	0.22335803024125647
0.18163958619350615	0.22838372010893804
0.1878108206309409	0.22317715181332998
0.18112634467642003	0.2280075735942245
0.18735864738612934	0.22261953216302327
0.18084125106427343	0.22689772262168645
0.1861369276402843	0.22223697192424097
0.1806635596538647	0.22505422417987697
0.18510969356512644	0.22201125468227456
0.18074446658317025	0.22373881239493
0.18375780279998497	0.22191780505140443
0.18045881396604507	0.22225777181480658
0.18232189915748487	0.22185471844761145
0.1807596909453836	0.22068783340467024
0.18078745302605742	0.2219663472277884
0.18118676144725335	0.21936333066839978
0.1795329047751953	0.22146378445019843
0.180821389359503	0.2179837183449161
0.17807782550525839	0.22121725306488654
0.18110467493375057	0.21694085437606925
0.17682785748298613	0.22054980276150615
0.18095165130666843	0.21605446391796507
0.17580221213443664	0.2201182865437885
0.18046202620851065	0.21550116223529264
0.17520387165376217	0.21933731180035915
0.1799689584558264	0.2147979576196994
0.17494985499614268	0.21821011805487112
0.17923760656127657	0.21408331111887685
0.1741395112981512	0.21722285897309646
0.17849791348234256	0.2137786768865811
0.17389100459390347	0.2161917077582538
0.1775043796951219	0.2134945304815295
0.17366371557053628	0.21479997560333017
0.1762801109630568	0.21333907443502648
0.17389386877894072	0.21341234860059335
0.17509042898509122	0.21348449271877024
0.17367815869455688	0.21203543132968883
0.17425070173500487	0.21257472464076543
0.17385353833041484	0.2110458701486875
0.17278894478807244	0.21243090577576493
0.17414113204654316	0.21029674488338457
0.17147692637262485	0.21208115221633453
0.1734677868174781	0.20890458068748266
0.170586657477832	0.21180336107775768
0.17332951161738241	0.2081347731794465
0.16954392891950779	0.2110281522395473
0.17309844472541594	0.2073373842609892
0.1687024333639274	0.21001674600523978
0.17255224969378596	0.20666813877486723
0.1681103444131391	0.20893524604621955
0.17172460893651656	0.20613113710486827
0.1683026103566708	0.20807238354496824
0.17095871094205142	0.20575491373334648
0.16744054386151097	0.20724805711600366
0.16997756243150808	0.2053618183174574
0.16749641029749834	0.20564342249265904
0.1687333603201447	0.2052061416776859
0.16732285446800835	0.20460059219321564
0.167989351651409	0.2046046668024508
0.16728263759109394	0.20378485524608958
0.16717731428454385	0.20440344510528757
0.16695937954991022	0.20291877774276104
0.1659098791421952	0.20377822332298032
0.1670287373201692	0.20173450446070984
0.1649595657498456	0.20326939451726284
0.16612090392274928	0.20097225686227305
0.1642104172351822	0.2028064134634276
0.1662752838833454	0.19976106596047388
0.16346505927131877	0.2020267037119814
0.16603588359518473	0.19957608190365933
0.16299929798575574	0.2014192222000872
0.16505095894295663	0.19860119652205077
0.16194677902309013	0.20089968562084698
0.164473643257959	0.19825432466426074
0.1618956691668337	0.19944218037605205
0.16389704101149524	0.19791751836686372
0.16160268286017904	0.19881014262308488
0.16277924398391308	0.19745543979249375
0.1611045060990428	0.197590311433271
0.1620978382117807	0.19693634451667985
0.16104936164238315	0.19657427318006238
0.16114809206336	0.19662112591878927
0.16059450152627947	0.19590521990230605
0.16028659645816237	0.19592869091735376
0.1603923559319117	0.1949934764490514
0.15954459533797247	0.19591696082627147
0.16045334537056233	0.1941706513572344
0.15842788193644194	0.19508240262558757
0.16010809918329377	0.19316324031245702
0.15802695996004468	0.19434374721704015
0.1595296476764196	0.19248732432303967
0.1574641970840759	0.19383696240959614
0.15862679043207886	0.19212164265804504
0.15680025980401524	0.19302489247561774
0.15849282714513754	0.19133514927511772
0.15642345696091636	0.1926593271220914
0.15782810968805971	0.1906303148286641
0.15571109081151396	0.19126377594007485
0.1568671083766795	0.18998225303991753
0.15523756861679464	0.19092981605791098
0.1559557267538939	0.18959926909913327
0.15527725954051846	0.18981875165652148
0.15556068999565023	0.18935290235188573
0.15477155076949953	0.18889950236520214
0.154574653795132	0.18894525198591314
0.15427352435573474	0.1878569970267057
0.15428234094708818	0.1879330075101715
0.15411445302960244	0.1871356743411225
0.15335954361956838	0.18760299364388378
0.1540252251570196	0.18645169661529637
0.15231601584611792	0.18711084657224222
0.15333776947692077	0.18563665413811517
0.1517556757585115	0.18642418134699754
0.15303047368018566	0.1850403628334099
0.15118889726114393	0.18597891526755553
0.15221781298543186	0.18466698528109546
0.15079633928200337	0.18522770658546533
0.15194196586008854	0.1838369975012877
0.15021119650430553	0.18455060561633185
0.15150054174918262	0.18353674404261877
0.15020197072462482	0.1839385205526463
0.15068424412196038	0.18302664181284156
0.14947164509382008	0.18322796942466982
0.1498485595027842	0.1824293476485595
0.1492049937371789	0.18245986058979186
0.14906336199784795	0.18206365291248156
0.14883512769861967	0.18139872743056115
0.14847709747366236	0.18120358730131736
0.14816810318309262	0.1806626771790467
0.1480131247400061	0.18078090713001868
0.14797762643326853	0.1802905554400493
0.14741291094420522	0.18041744708514412
0.14759802535716096	0.17967413848101577
0.14635770295397685	0.17956564061681035
0.14704202221541163	0.17848751844903835
0.14579212947790635	0.17922647530740574
0.14671264924642413	0.17802900634854804
0.14525187378784132	0.1785704315272866
0.14638413527418712	0.1772210907263947
0.14496879301715246	0.1782728022204037
0.14601879675494847	0.17635482210230197
0.14393983997648735	0.17725004658800048
0.14555463928829462	0.17579372744466804
0.1435533526370094	0.17669622214889025
0.14461111729284376	0.17525724054194186
0.14340825499061155	0.175761082741738
0.14412226593883978	0.1747197545939606
0.14297377076464127	0.17512905205400706
0.1437817893151839	0.174467524293227
0.14210296592761992	0.17430794931973775
0.14335464493715186	0.1736623136430183
0.1420315623944111	0.17345178986704612
0.14256562560312017	0.17340345595178197
0.14185398273769642	0.17324722417164776
0.1421095396504751	0.17330564435672716
0.14145434943874574	0.1726340861099577
0.1408760776368048	0.1723473941920653
0.14138974652191133	0.1712265671527392
0.14062433905085392	0.1722599260721685
0.14078476975449317	0.1708542141416727
0.14002797914480813	0.17157273218602156
0.14079260040708422	0.1699890116794865
0.13919833691534753	0.17105809908872707
0.14013113123165494	0.1696706635825469
0.1382640378266356	0.17060381758316878
0.13991946289094365	0.16935819417855602
0.13805284325716546	0.1697222645356993
0.13910839594787022	0.16855113657922638
0.1379296841144661	0.1692724231980859
0.13868497205434538	0.16796442359166366
0.13741472245063366	0.16825433344972454
0.1379057126417871	0.16779531011542967
0.13673806335275931	0.16747894581153744
0.13718509930316408	0.16723764855845397
0.13648275530822876	0.16682546201042311
0.13696210543724674	0.16657982682752606
0.1361278866504318	0.16614736522286358
0.13580686478068438	0.1665909608660095
0.1360749587769338	0.16534592122017552
0.13532597098922866	0.16587899624448377
0.13539890763788345	0.1644773595926097
0.13459610628794283	0.16514442784893948
0.1352372830601739	0.16387463121320067
0.13439544004015042	0.16461088152385606
0.135415508863745	0.16359714111942017
0.13359549600773618	0.1642785775668844
0.13448605592729965	0.16232376102767923
0.13318484134859068	0.16359957782415674
0.13415107043593516	0.16231012401312056
0.13275543438828305	0.1632002560901324
0.13371656476262347	0.16176269411891425
0.1321436632507465	0.16225514564711
0.13329810588287327	0.16141751188022574
0.13215248372597774	0.1613132293785688
0.13273817228580728	0.16105912713020265
0.13180970426171343	0.1612624031295006
0.13181818573759188	0.16041427997811392
0.13102824109373576	0.15997376374370056
0.13182895490265437	0.1603273422534605
0.1312867920341208	0.15972643195327477
0.13083007313246311	0.16012005668251442
0.1307271402490646	0.15885347487572551
0.1304531771043688	0.15918307632126386
0.1303440133127662	0.1579171120089297
0.1294577728991897	0.1586429113203955
0.13027614301112575	0.15768565082885955
0.12877540310097524	0.15849022471986987
0.13000976519314258	0.1570682462121331
0.12856692382652185	0.15767578629443085
0.12945749363931072	0.15634001693321964
0.1278641954469373	0.1575269193360647
0.12909835807980546	0.15606195480625823
0.12729236289192572	0.1563936676996083
0.1285824140099789	0.15535232141427208
0.1270044562713597	0.15604115883417968
0.12779747250547932	0.15483685987251158
0.12652055604954784	0.15519602801937443
0.12727814111959823	0.15468470474438178
0.12667283368325039	0.15452990900672536
0.12672805110210356	0.1539689477188205
0.12605490900067495	0.15412840036022118
0.12629504821907594	0.15395742792879555
0.12595277253473106	0.1533314237446094
0.1252767551846938	0.15354122451793395
0.12564182846580377	0.1525470621771019
0.12489924109311647	0.15310309159458846
0.1252536021785529	0.15210315165312743
0.12424484733331578	0.1526752803098487
0.12497663496831717	0.15137597692466134
0.1235677502963744	0.15183764068923317
0.12465357133866713	0.1508323318344982
0.123127146105701	0.1520301914609727
0.12435684916800883	0.15025193478604426
0.12317793482285806	0.15101359808669657
0.12402587951107583	0.14977868391121818
0.12249425478530854	0.15038304840455516
0.12369593348248993	0.149351804599189
0.12206727518534755	0.1497901880655892
0.12302682992869546	0.1490057785023192
0.12168236356199784	0.1490103388643436
0.12215134808766695	0.1487143952854222
0.12166100962479245	0.1484679895900717
0.12183388849019773	0.14816922287039497
0.12111758078512799	0.147745847094685
0.12128054579257604	0.14822383680695927
0.12112579891220641	0.1474128872702472
0.12059404894871988	0.14728789955442578
0.12089596397809688	0.14632281101110559
0.11963346271329078	0.14708111196021018
0.12059187983605178	0.14575022979547486
0.11932458563384513	0.14690001856227536
0.12058009322381973	0.14487051868871123
0.11878583694459442	0.14641758905266639
0.11973527025475311	0.1447228215919922
0.11860654640272743	0.14553758967501124
0.11947882491321891	0.14422536533799285
0.11751123421597628	0.14485757543038585
0.11900318593313579	0.1439828906934876
0.11760023764480942	0.14433442895325388
0.1186642227688654	0.14371286408429162
0.11748776968410768	0.14355171829085456
0.11775920116437318	0.1429783301870889
0.11700123298380508	0.1430596666867057
0.11718805703757978	0.1429827180966115
0.11657492353910583	0.14228118684745591
0.11682180312094416	0.14223196922148834
0.11672165959908352	0.14164729576758203
0.11623417561098373	0.1425012905543874
0.1164026777964708	0.1412654110307911
0.11573719813571999	0.14193545800120705
0.11633976741855298	0.14044947917235057
0.11532998304443519	0.14125393817591464
0.11581192571175401	0.14013330072093608
0.11451225694702512	0.1408267976077486
0.11564095721848457	0.13965870107489017
0.11443977453699972	0.14013485610781196
0.11503050857478336	0.13917576029835116
0.11386445170233478	0.13998821965875347
0.11446770948424739	0.13878313295515246
0.11341041818739858	0.13910831204262153
0.11420578492968671	0.13823544213607233
0.11316748828613303	0.1387452168992291
0.11383526588269897	0.13761710276915412
0.112594261961482	0.13798975967490693
0.11318788636437674	0.13762886855274448
0.1125688510665068	0.13737547734838246
0.1128594896474019	0.13713585943330409
0.1121322835422536	0.1363954968747056
0.11212433301591561	0.1367822404268318
0.11243643628601886	0.13641884172070254
0.11176933210917922	0.13669159078053172
0.11201475275000668	0.13583895640234978
0.11105667600617534	0.13566148095628
0.11178358923828359	0.13512405457822352
0.110951340477182	0.1360458164245465
0.11115894888357497	0.13449908569800254
0.11001029101270558	0.13527012996061558
0.11104240250416378	0.13392953646962796
0.11021015417760295	0.13464133905812303
0.11054777483633212	0.13370037831511053
0.10937908809188117	0.13421368054975066
0.11025583544665027	0.13335621184959895
0.10911863822863092	0.133666777375966
0.1098041973377754	0.13271005953594137
0.10879209702525279	0.1333778930543512
0.10897519576763916	0.13256805558876883
0.10837201559609821	0.13252296201486924
0.10871817670505757	0.13191746224663647
0.10826006183745128	0.13190435268079204
0.10799043823608434	0.1316886686836872
0.1077175127081598	0.13162797186834585
0.10803943251149467	0.1313884411515631
0.10761337423362201	0.13060274083924217
0.10739609559451546	0.13090673169633227
0.10733047628922737	0.1301876582105033
0.10653504062659289	0.13051172868593353
0.10729102243843008	0.13006571590181973
0.10600096832877147	0.13010808316107564
0.10652532714093221	0.12945030502788613
0.10590170430860789	0.1297223688487553
0.10653177849930699	0.12891981092418492
0.10524865997233662	0.12926928395323414
0.10626911308344948	0.12859355531429703
0.10518424144712193	0.12871569871313437
0.10527729957967169	0.1282184123358001
0.10527505304704676	0.12834571411749404
0.10517391256456038	0.12781598379870768
0.10421753832736182	0.1278432821304566
0.10452606860186175	0.12708597318261022
0.10414859328437623	0.12736358136709505
0.10448382293913597	0.12682273206217265
0.10424758166258077	0.12657048502985166
0.10419596996399139	0.12642191137159153
0.10380328564209512	0.1260637278214009
0.10337388640944668	0.1258908406673655
0.10340880736720999	0.1259863649899722
0.1031569260558175	0.1257793358290858
0.10302183949785965	0.12535439798668957
0.10261305071716384	0.1254800404689008
0.10279806488230425	0.12478652920518056
0.10242661792166713	0.12488734185474433
0.1025440239066151	0.12422479801204704
0.10220467248067351	0.1243899054957435
0.10222587606263624	0.12381408094461502
0.10152352790925305	0.12437280564046348
0.1019702572966728	0.12367713740555489
0.10134090330844082	0.12368761172006265
0.1014742034066195	0.12339449087500168
0.10116356965451717	0.12343861612362991
0.10139125020168227	0.12272150090177665
0.10036629203620943	0.12279627460585167
0.10059862019171356	0.12231296176516768
0.10029720523294869	0.12235478204056682
0.1000691049045234	0.12188723170175872
0.09977243878838021	0.12175754100060374
0.09988625889665449	0.12141677824486417
0.09931565479973349	0.12141644572149093
0.0994475750916618	0.12097473669607002
0.09908611432139641	0.12066832959115661
0.09913781067533269	0.12059326845019341
0.09891129874175754	0.12044503180309925
0.09853801411670976	0.12008129321952751
0.09884218135556334	0.12010337164186811
0.09837109789354409	0.12014772752966517
0.0981943615307511	0.11976887701491826
0.09780110166542656	0.11983522511322048
0.09797804262209371	0.1190224534089583
0.09744267326152103	0.11963196334942122
0.09753824455298271	0.11872384563162261
0.09724777825773817	0.1190114097712943
0.0975661026989171	0.11843968673824659
0.09668980211948908	0.11821735372234621
0.09686593599590979	0.11792259544393183
0.09658732748209632	0.11766317736152078
0.09684100036325173	0.11808005469189344
0.09612887791954375	0.11766220139766508
0.09609685090558823	0.11691891243036859
0.09600915934697805	0.1169749926250733
0.09621033325981662	0.11642763314463458
0.09516753546412143	0.11658313923148164
0.09532613679183549	0.11638556196813436
0.09510317974022359	0.11599561792969638
0.0951909682786515	0.11601591579465523
0.0952107762174861	0.11544436637957564
0.09486243938957158	0.1155547670424974
0.09493365756038141	0.115186576753699
0.09429212648753525	0.1153256494578446
0.09457676320456622	0.11465674985285323
0.09400643823226446	0.1150707905894271
0.09407761557270729	0.11428036469674578
0.09363396512669002	0.11463664140240595
0.0941662365432315	0.11411318036295895
0.09335000880263034	0.11402962476900472
0.09356120120143628	0.11343809055191127
0.09263455489432329	0.11398872111630409
0.0934598353159646	0.11339717818670281
0.09253853327080439	0.11357851889792357
0.09301445881769313	0.11287675030621461
0.0924861858638555	0.11282737426215318
0.09260368934492316	0.11236387957767623
0.09166769437363043	0.1125565329285188
0.09240370000291788	0.11196648589482544
0.09208708504392585	0.11235017507444856
0.09208102242038871	0.1119861531538282
0.09174259988155253	0.1116679650824817
0.09152336408481211	0.1114720785052572
0.09117577387194603	0.11137222182835918
0.09101845663449808	0.11121322386247508
0.0910657940254429	0.11055830993821784
0.09058002045835518	0.11099829908354483
0.09096812538488691	0.11044595684508962
0.0904597076680473	0.11003091144161628
0.09037280337878767	0.10994832952233463
0.08984124706427289	0.1099729059846106
0.09015912264424521	0.10952687529252403
0.0898204174859695	0.10973698706332358
0.08962215080102973	0.10907185659591945
0.0893566167660841	0.10942825709959873
0.08940138935178252	0.10869855249854816
0.08906570704198191	0.10858380496303287
0.08924783709362337	0.10851995438110472
0.08908576049381917	0.10855700743045214
0.08898303584459549	0.10820973109243663
0.0885715316519528	0.10802615587437263
0.08858080749752711	0.1076799275122246
0.08856917119265192	0.10761426232125233
0.08806114042493265	0.10726854819174206
0.08825427444377898	0.10729848600509552
0.08771635620010394	0.10699039278868555
0.087446168185804	0.1067906351955466
0.08760882732784983	0.10669015060258653
0.08744606891177847	0.10613886455075595
0.08718033773248021	0.10649247020540249
0.08731051396140871	0.10583060971115946
0.08664713581684011	0.10593617849325018
0.0870019401142394	0.10566304961489141
0.08642470937643816	0.10574417471480106
0.08655879965863802	0.10518452692088784
0.08605338986889767	0.10530945579325826
0.08646957079449143	0.10466624617812052
0.08591541647361498	0.10484084203191343
0.08632426654436373	0.10450713039880877
0.08586561366255505	0.10484911488808425
0.08583239024100969	0.1040678792421579
0.08524944365776468	0.10415751961344685
0.08554758998992391	0.10354976517630332
0.08555998240317149	0.10376873957307825
0.08526468510681387	0.10356662934195623
0.0848423489000352	0.10331045603235961
0.08473263529407757	0.10294773930288224
0.08499127541956128	0.10315562374334161
0.0840347865388058	0.10289139531168785
0.08454791696639334	0.10273879786894606
0.08423555583592143	0.10237749228929854
0.08374673626409335	0.10260149678566605
0.08387948330059575	0.1020930588003574
0.08395698597691853	0.10204706763441487
0.08374610172391542	0.1019889194496764
0.08357187680385049	0.10151499944153407
0.08346668537094118	0.10131502130354847
0.08338826987106333	0.10089856794166298
0.08321945333862242	0.10111694438997605
0.08308017413808372	0.1003593968352126
0.08260734099114457	0.10105910372295962
0.0824143700469952	0.1001509607516056
0.082080856990094	0.10025768329873479
0.08230232421998579	0.10015841944243156
0.08195129434691112	0.09977626212417576
0.08222465221802334	0.09967438687893695
0.08171323047353272	0.09960258630495744
0.08187040039554441	0.09952890131389396
0.08135702572889339	0.09975204145602255
0.08121423941256997	0.09887432730909927
0.08111468093495194	0.09879491789461377
0.08154826653450241	0.09865063734426247
0.0806980076866424	0.09852684257814626
0.08083767385494779	0.09857822123033963
0.08082609992547272	0.09821808758212885
0.08070914154932399	0.09761403573877475
0.08045044616493438	0.0981677872487371
0.08032754343229807	0.0978315147693246
0.07998653056416243	0.09764965631714048
0.08000529138330192	0.09750830111824572
0.07967411754232932	0.09693057948758481
0.07997743426890148	0.09729023308011657
0.07978515337062733	0.0966604032039188
0.07932666231161166	0.09707047908980625
0.07941367751527459	0.0965875494193823
0.07927641307494793	0.09626019090121879
0.07907774589512559	0.096466267505936
0.07910363647089005	0.09613705000900767
0.07866290936668469	0.09605878935748638
0.07846126483069077	0.09571406386324934
0.07848786724840086	0.09549347788851228
0.07824464879400149	0.09532237508872621
0.07888817430372891	0.09508138571114425
0.07796120655491877	0.0950727966333579
0.07810887063500457	0.09469286614952702
0.07778947419769505	0.09455583988814478
0.07812119094621563	0.09437784970410967
0.07757902383731452	0.09464966910138613
0.07744768195879194	0.09408043292007881
0.07701949766841293	0.09398269764615018
0.07713502142140904	0.09383436257439756
0.07708890885653683	0.09376566736903977
0.07693586613620604	0.09340416104411343
0.07690384500260655	0.09327580458629188
0.07635307311391094	0.09319267197261857
0.07682474218453901	0.09309408735560651
0.07622298990906702	0.09303264452411215
0.07620360062604162	0.0926852228938936
0.07579333283344583	0.09269908902398036
0.07575693126903778	0.09257677060552119
0.07535169491136266	0.09192404624977722
0.07590317649511576	0.0920638261570671
0.07548642320734918	0.09220390451995364
0.07534748737034751	0.0916642538959222
0.07552575061654902	0.091685599857239
0.07518680437369021	0.09162416626494772
0.0749807051093771	0.09124196204137598
0.07478476076305396	0.09116602105639848
0.07475056678451625	0.09108398146334218
0.07458944264500277	0.0906777937017372
0.07446773084210007	0.0906416901564647
0.0744663131718235	0.09014125148866306
0.07436463187713792	0.09012928570768897
0.07390266322755197	0.09014787860393761
0.07413242454088802	0.08979897917892611
0.07373881279773908	0.09009691789128654
0.07358051751016088	0.08969212539157458
0.07381090196199885	0.08940771043401698
0.0734625009148539	0.08934693759987167
0.07334835946311641	0.08907914782842279
0.07345682915050071	0.08859790406280008
0.07286753190924886	0.08883883157412545
0.07332257705816216	0.08887732710124416
0.07250586212650997	0.08869525401193583
0.07316589882231378	0.08842671235527824
0.07263426855534275	0.08868613639056142
0.07273284901339437	0.08810703600028572
0.07240889778932351	0.0880158397959694
0.07198861660344524	0.08771197430195048
0.07191208218175107	0.08745948033710702
0.07174949047204934	0.08754466480318687
0.07171120646975884	0.08741313308092553
0.07153181825895423	0.08727832503045242
0.07159000472976715	0.08729931216433647
0.07127511066802018	0.08685156384206062
0.07125105915618535	0.08706313802695846
0.07132994653416803	0.08645664794765467
0.07119561104181212	0.08652590439982565
0.07084719994701279	0.08623838972836398
0.07070642785762124	0.08577004061655998
0.070897635093023	0.08613311788029131
0.07092666953111194	0.08559921704525097
0.07028951558080869	0.08575874489220942
0.07046733435425971	0.08517428784024425
0.07026607631116133	0.08571922900770722
0.0700562002027229	0.08503205352186427
0.069763675857126	0.08528592920829232
0.07002776527542384	0.08482462802846497
0.06970719918582359	0.08509209032612458
0.06990866921323785	0.08460672097445633
0.06967859104183444	0.08467090388967133
0.06917824192639464	0.08437002053273267
0.06929012835634907	0.08440848599016813
0.06931076991245246	0.08409051777249266
0.06865104547707848	0.08409601040606555
0.06907220271359546	0.08376030977458404
0.06869024914236228	0.08391100631253237
0.0686960746957654	0.08363164163201743
0.06843147610195015	0.08319478959846387
0.06843379767642274	0.08291340881975708
0.06811307557495978	0.08292450216261466
0.0681950570406753	0.08282305041280935
0.06771553831783209	0.0828004048035239
0.06787015337860958	0.08243015259194345
0.06786590812226834	0.0820375064480659
0.06784803763124231	0.08244436217086705
0.06729822965440214	0.08226004382097747
0.06727347435147349	0.08221017347518246
0.0672086678972151	0.08193221988003009
0.06735516273633661	0.08191868374222595
0.06713541296298825	0.08139928508659072
0.06701995881151224	0.08167315086445959
0.06684547539126706	0.08109340425978141
0.06653894113055547	0.08114243030649512
0.06690737383545438	0.08094306098339182
0.06639402592573262	0.08083532291279001
0.06687977930535383	0.08073216378292265
0.06632536547563656	0.08081495998015012
0.06608287559956112	0.08015528295633195
0.06592841687495513	0.08015454206861058
0.06642382343808083	0.08044968326692002
0.06595245502117307	0.0802358803906433
0.06584285855967359	0.08009430165270856
0.06533909397583353	0.07959676555284462
0.06565347677561138	0.08004064190520459
0.06537736996039585	0.07955261620794066
0.06505147304594569	0.07965213386561053
0.06519269545676216	0.07901559798782032
0.06504909148597425	0.07893905208083618
0.06454467090271683	0.07843955774110008
0.06467026635963805	0.07874331356099794
0.06518790875333721	0.07867891895322766
0.06496257942163534	0.07894866351791557
0.06472042524846319	0.07810482203899884
0.0640101387001387	0.07842677189736892
0.06436118017558289	0.0777813323068206
0.06410032985825179	0.07803163379285727
0.06442493723626791	0.07786287973518287
0.06396703332890108	0.07796620121600249
0.06409540244590345	0.07767359504104204
0.06338247357100579	0.07754449945914865
0.0638724676232673	0.07755923902601027
0.06346091863217301	0.07724520531295516
0.06320760786235656	0.07681470138889919
0.0628824032164535	0.07737071299803189
0.06347452262389552	0.07705992399941995
0.06297678707683614	0.07662680393215208
0.06325665384196992	0.07649225801779531
0.06290361292426017	0.07633726311620674
0.06239920112202119	0.07636729444903975
0.062282980792904286	0.07567603947495827
0.062393072839971045	0.07615432021291726
0.0624139250645974	0.07563540955499051
0.06227133777632898	0.07598374649500787
0.06215071067802451	0.07569498818111325
0.06206749088702715	0.07578730264443946
0.06213260892396616	0.07529918704413525
0.06164439535971092	0.0757453642656119
0.061887516528715665	0.0749847615947294
0.061299386995370325	0.07503236617806604
0.06150861169981834	0.07509578381207155
0.06100253858157123	0.07482278200412179
0.06146249030696573	0.07451595389076587
0.06099793616688659	0.0743580926204368
0.06109670144940593	0.07426995379819429
0.06092361318066127	0.07397686163270226
0.06115626803279897	0.07413225026572354
0.06060925974573879	0.07401094291591813
0.06006217326981907	0.07412966030233949
0.06065977584608022	0.07334425348417406
0.060612649455160726	0.07337559005589961
0.060575868284019535	0.07354884559174658
0.06023681094420218	0.07312169001107865
0.06003748015015616	0.07310040897775244
0.060061041415829304	0.07310640709190162
0.05994319292788529	0.07292531059545282
0.05983659293311985	0.07327794512611135
0.059843369506552335	0.07277676688149926
0.05962646759732036	0.07259559671881324
0.05938515244522802	0.07197522587540373
0.05961198226016431	0.07236201624550825
0.059485692237865165	0.07235727677608506
0.059153426548047464	0.07220418722508559
0.059175307575894745	0.0716403487060363
0.05872002637444636	0.07181231113418021
0.058976076291530274	0.07155973756883002
0.058703309441968526	0.07167720881517951
0.058797541095516326	0.07129527346739656
0.05842007909805429	0.07142905406830331
0.05853451152425493	0.07134617780065099
0.058422027975767656	0.07123206045343872
0.058408139383699945	0.07049900704307754
0.05815593617389378	0.07043931936484252
0.057993605610926445	0.07078761165096531
0.058010100340913494	0.07054832098018374
0.05772101855648966	0.07018350250722323
0.05759915354742165	0.07028044087935645
0.057564300925872045	0.07041983434154239
0.05783428905116087	0.07022230635613946
0.05724486035286261	0.06948407603924747
0.057230557248810654	0.06979106921467931
0.057202775695442604	0.06979166309521631
0.05700250069383823	0.0693488900657576
0.056813112531586454	0.0697398206635164
0.057183504008092224	0.06930659922684887
0.05669485834186744	0.06930220414554698
0.057061320516327896	0.06895645796739139
0.05697961495767685	0.06880228616681117
0.05652785132230749	0.06856972575014335
0.05633273557091721	0.06847285756734667
0.05648612466409265	0.06866894122896618
0.0561861210313539	0.06852863180352994
0.055966316981722324	0.06808272173435151
0.056172949409655684	0.06806054124246118
0.05572420139268749	0.06807525095549634
0.05596811963944638	0.0677278621308442
0.055816680057403915	0.06783546688392132
0.05579949168809843	0.06775665083275258
0.05572864378970732	0.06778386988451138
0.05542936356763553	0.06727955460540036
0.05554501495198716	0.06739643641749801
0.05530937756193567	0.06716458955312067
0.054945900300722356	0.06712823237537677
0.05540020121319322	0.0668513941603108
0.05485227087196813	0.06710492017623679
0.05514831757214194	0.0667239077458079
0.05485049268207697	0.06643365310793485
0.05475121572691664	0.06653042062011282
0.05449312980659347	0.06646940743616264
0.05459777726071834	0.0663845587427146
0.05421708226910028	0.06594122722374673
0.05442915283131759	0.06621433791363288
0.05435691310352017	0.06588673773000973
0.054069209335409735	0.06553765995094242
0.05379696474005137	0.06562180947418353
0.0540041399798493	0.06580329945354337
0.05427262357996382	0.06517573523014634
0.05328912358651101	0.0656101282053581
0.05381854004803174	0.06570304490285432
0.05377655532660401	0.06535467031879649
0.05371109042671368	0.06503029907373256
0.053098148441871225	0.06488261847362857
0.05329763644338649	0.06476780452764636
0.05275590762293485	0.06471026916306076
0.05316516372750016	0.0645181326779538
0.052936054562450235	0.06458951516128461
0.053038488411184664	0.06405052959140989
0.0527068955375642	0.06431270349781944
0.05310888563553779	0.06423365288410612
0.052445901631972866	0.063912256609305
0.05265040462673251	0.06360060048410987
0.052481040467368435	0.06393236060077913
0.05240264863980578	0.06374434326287787
0.052146358792674666	0.06367127525623173
0.05223600819989179	0.06337380297918652
0.051818820413677226	0.06336946895090596
0.052016608570877955	0.06322153929553104
0.05180090054055161	0.06331025288492816
0.05172039831753012	0.06335166062564083
0.051847260507651684	0.06314250111690449
0.05159418348010216	0.0634173545032934
0.05168910477433676	0.06278289207390955
0.05162971281380765	0.06259826080364553
0.051774531062979884	0.0622852120141873
0.05117931155040448	0.062217256446947845
0.05129149553902214	0.06255590342408382
0.05125579107935271	0.06258382140956248
0.051092464562095964	0.061948248154509875
0.050980481174764544	0.06209963192333706
0.050952503200059195	0.061779581173869676
0.05081841286836198	0.0618127635805185
0.05042800327022436	0.061517601849058266
0.05024677835826527	0.0615453799309224
0.05073183397639583	0.06163730059395135
0.050461602990251764	0.06177544254133025
0.050121399073691085	0.06120809849294794
0.050036857506818015	0.06107735172070961
0.05021664431672637	0.06095659715725025
0.050310237079861916	0.06062857445061511
0.04984321626421197	0.060865175819129466
0.04990221033500643	0.06088117230921095
0.04981414147323834	0.06077658825185737
0.04982668121161502	0.06065127857841483
0.04985851965409003	0.0604629817203868
0.049255298372254105	0.06002844084193461
0.0495045773143461	0.06024069909073236
0.049355659685197964	0.059862821334265966
0.04937882807681379	0.0599058347390025
0.049075165975095356	0.05991766267417075
0.0491334220911329	0.05948939545762311
0.049181713730125864	0.05984666848500536
0.048753365070913504	0.05955361110817446
0.04862479353009229	0.0593636112980871
0.04860147244372955	0.059289484433079825
0.049118095312261606	0.05916093151269921
0.048482832767265144	0.05916788511964565
0.048429501782279484	0.05874994619178242
0.04841766725152415	0.05889097584555866
0.04840095564065897	0.05870272249353316
0.04817283218688368	0.05864957138970394
0.048283736253556225	0.05845870460458163
0.04790500763452779	0.058839876676309105
0.04805670065478558	0.058374894041671156
0.0478010336182548	0.05799651790903164
0.04787989311864621	0.058266206371914764
0.04772964540865391	0.057809349362370976
0.04781609835976003	0.057754119560828536
0.04756793209362099	0.05812753477739583
0.04748249760130205	0.057796772332159546
0.047058458572316254	0.05772018172016727
0.0473802849527022	0.05797475725953109
0.04749624916571849	0.057263413564991365
0.046979807894864	0.05762359873979831
0.04695983085475619	0.05704989605681399
0.04697613223226588	0.05722284569324889
0.046580778432750936	0.05714594480244429
0.046756417514038556	0.05726280506444141
0.04704795091515949	0.05692495923202115
0.04684255162887179	0.05687039004811442
0.04673010138420234	0.056430331914866655
0.046372661830000494	0.056944901283914995
0.04645274801244221	0.05639381450687801
0.046291499757316945	0.05645149654578541
0.04644201910386753	0.05596082030098517
0.04649920765872253	0.05619921359807561
0.04622975441293323	0.05619277759229548
0.04621262543314426	0.05615788508381151
0.046146401536123136	0.0556737766082365
0.04579042679299776	0.05574768553687904
0.04572109598328709	0.0556677637907553
0.04554728773775526	0.055550817194011684
0.045929794383060364	0.055656126880848374
0.04565135166166675	0.055402347369467905
0.045932705716827955	0.05528722659260935
0.04552350226676797	0.055058533171755235
0.045505229400601324	0.05490839879921958
0.04515875377039892	0.055112892785474286
0.04515070786081841	0.054987305295090744
0.04542937741798182	0.054819550483967264
0.044918758932884564	0.05495399096255515
0.044808241422384126	0.05499792188724314
0.044699358095510525	0.054846990293363845
0.04472754154198073	0.05472788310508055
0.044675639430371464	0.05459448752760908
0.0447969164376342	0.05417456794249202
0.04469834366959377	0.054313185978453145
0.044916965381118064	0.054108847485014544
0.04432774122098445	0.05407705640124291
0.04435561450367641	0.053716726646347225
0.04407929846224791	0.05400076253327756
0.04426090707641416	0.05329966857658898
0.04401842041848657	0.053862318570490224
0.044129692343798925	0.05329507552249245
0.04377892677681035	0.05384162007118043
0.04397696781409617	0.053313914630952544
0.04397167850191772	0.053546852191689545
0.0436336795501266	0.05361597465408204
0.043602663981545046	0.052858511607218314
0.04332022137943922	0.0531896630902946
0.04331401480833982	0.052830454047716774
0.043372131675396344	0.05281389839671205
0.04327667520342647	0.052750465450756415
0.04305040096236223	0.052793411713923495
0.04288347009583951	0.05241065183011604
0.042709988376779605	0.05274796295682724
0.04286812272518258	0.05238075906171012
0.042463600188766534	0.052641812581035
0.04331830856167818	0.05189310044181679
0.04256406344690757	0.051909810971548793
0.04283611654438882	0.05194999182536908
0.042783967218084896	0.05196924079393209
0.04245373635155249	0.051869278889868614
0.0424410519360402	0.05172848337233615
0.04227897575218392	0.05161814842320364
0.042309743894322564	0.05147369832358908
0.04201095507522398	0.05131107114680453
0.04237248929217568	0.0511039454025312
0.04171748326209121	0.051147361574944726
0.04197480874399183	0.050988343144447945
0.04211336243181153	0.05090782197009064
0.04216135347443382	0.051043954134735565
0.042071673681726415	0.05113021800052189
0.04195998174556427	0.050845509004487255
0.041594163195477825	0.050958435271482916
0.04158939430745206	0.050624415549498654
0.04149547187473187	0.05057870552389219
0.04167206112000272	0.05080553507116078
0.041449597598505465	0.05033757390504344
0.04175733431332135	0.05014102690087166
0.041207819121702266	0.05023630129518849
0.04146853217727457	0.05017649337668327
0.04110009616930605	0.05012496231315051
0.04114923718846809	0.04967119864648469
0.04072167073564229	0.04989388330937296
0.04121236804956888	0.04956289981584478
0.040641143791752	0.04964362323089285
0.04083750563402929	0.049561725814949255
0.04064818577704485	0.04939987288972274
0.040753935698723764	0.049323226778746454
0.0404581627107149	0.049277628449639045
0.040453725994541875	0.049117935372722674
0.04047544772333608	0.04914762783922393
0.040217822309025056	0.049003673600178994
0.04079200678217346	0.0491792492119377
0.04035247081501964	0.048814253836778294
0.04039693199057965	0.04879662217520317
0.04015250183757557	0.04871391329550518
0.04012095802676674	0.04869476119350368
0.039779471347069176	0.0488806004421704
0.040139571381509954	0.04829484676085066
0.03962598357444388	0.048634741439361834
0.04003480368492307	0.04820699330653715
0.03948359847675953	0.04828377098178141
0.039590363336691956	0.04769739036074262
0.03940581767341747	0.048286196368907366
0.03982918303224931	0.047891350440071624
0.0391671003965189	0.047926986744248036
0.039580619389237244	0.04755605876294742
0.038882114945301034	0.047563488526394464
0.03937611340734516	0.0475598660994727
0.03892885699107607	0.04754887269770302
0.038940239809171974	0.047570412646602556
0.03915753351576854	0.047172082480228215
0.03868518623177104	0.04722251655091049
0.038963004228390455	0.047097571062291975
0.03901274158137126	0.04727421597596895
0.03864675463695225	0.047114211299441384
0.03843388747596018	0.047347677451305165
0.038628009442036676	0.04714811679929288
0.0383274263342886	0.046767965012481434
0.03851996597418025	0.04669541847768234
0.03830379897266576	0.04695853822354269
0.03829527058158645	0.04612942495293869
0.038064067442512346	0.04691895603460121
0.038544019523035045	0.0462381178051562
0.03778569141787179	0.046740735329672885
0.038161075087467515	0.0463055257844694
0.03777713882147163	0.04642172324742006
0.03774656758184233	0.04602638725943777
0.037677750072573846	0.045974859040434385
0.037869323691513385	0.04573267091246951
0.03748029283899183	0.04585241795660523
0.037480536926734045	0.04564354902163109
0.0373296227799647	0.04549946005603899
0.037636756625711205	0.04602589460018878
0.0374161304812805	0.04513009591269552
0.03736418453010719	0.04550204424018853
0.037427879616530824	0.045245789535539066
0.03729834801552011	0.045565771021840014
0.03746010874445042	0.045046855182090256
0.03678124148804562	0.045305990849664274
0.03742480051124462	0.045195543119257935
0.036782879430347186	0.0452802049101795
0.03721871697017292	0.04467218346264574
0.036567332684603784	0.044875733998501255
0.036960847807395045	0.044486717984834
0.036578707383266615	0.04453555036276409
0.0366698398054876	0.04460951190205481
0.03616257551661991	0.04454755118550047
0.036698773630815106	0.04414143090311347
0.036318640172034525	0.044230616254011715
0.03639184958649282	0.04388411399613999
0.03646277725026178	0.04401677537256636
0.03618997153414839	0.04380208468957025
0.036369683551739404	0.04396572570810967
0.03619462529287352	0.04402605155818742
0.03611762159652323	0.04370685169095925
0.03621599741792617	0.04408656451938054
0.03571069397130172	0.043701929589721904
0.036241276881980866	0.04360669894040955
0.03587681661328316	0.043490337894947724
0.03554322423407231	0.04380429503606167
0.03556218297181386	0.043308197573439094
0.035628530070337255	0.04327044275925738
0.03567683276062794	0.04301100418637513
0.035679016737343444	0.04342106518613005
0.03541264221118776	0.04310728782632939
0.03554425386151239	0.043016613714330305
0.0355173449053225	0.043233662043926965
0.035275838479476476	0.043030559091581565
0.035119824226763414	0.04280012674681625
0.035097723176677774	0.04293950296975436
0.035111159826198494	0.04252162961993824
0.0345668899454025	0.04261447330970587
0.03480481976609201	0.04221228530261873
0.0351640585660854	0.0422032037117667
0.034988495118749574	0.042515068180219495
0.03495656519234344	0.042080515788495546
0.034226986218385234	0.04206782498530335
0.03449340618928061	0.042076410125729644
0.034379519065005	0.04197030796794363
0.03456502105631203	0.04201576765584691
0.0345848928262632	0.04222123001254086
0.03468391957114366	0.041948810008629045
0.03410864390419763	0.04173636229424426
0.034368376816771795	0.04160002626557298
0.03423689727662685	0.041790742983403975
0.03397246263580335	0.04134733763636431
0.03415506565912133	0.04145539250939367
0.03393943053403165	0.04104423238953549
0.03390060069061238	0.04145358176503519
0.034187327195102035	0.041111399203401504
0.033782031529325615	0.041150131270499615
0.034159843068878086	0.04129479450277279
0.033861958409658895	0.04150065960965387
0.03384350148740677	0.04100631058180359
0.03338981311598666	0.040860709456348045
0.03360816768467108	0.04075722660978422
0.03327608074574648	0.04077528693041035
0.033244346099536	0.04089322674617205
0.03347521890187532	0.040838386369328745
0.0332450215931645	0.04085970690787394
0.03322439074686707	0.040450080791406086
0.033202809931169947	0.04042228265888633
0.033074022444151585	0.040173394379658466
0.03293322268672192	0.040655697841817294
0.033219219562265305	0.04014855401508329
0.03306594849378578	0.03988103501937476
0.03281389251813442	0.04016855169476638
0.03276622972271309	0.03972105711626731
0.03307752269981576	0.03998686691382083
0.03266147324114157	0.04000827108511952
0.03292723324633944	0.03989178978830897
0.032824487137542956	0.040145193252102696
0.032843172655104474	0.039267500647743724
0.03252027016220638	0.039916281327385936
0.03250219463519646	0.03929790648671055
0.032412358725732754	0.03975885003119281
0.03263822883507746	0.03914507307704253
0.03202009118132036	0.03947031497518635
0.03243716555856636	0.03931766426556618
0.03189623954768931	0.039053629388741386
0.03233524564542406	0.0392070506862859
0.03186800532747547	0.03893005545617123
0.031958411330134176	0.03880883194734438
0.03239412599651709	0.03867313184978414
0.03229664508850149	0.03886134365538706
0.03200315139940276	0.03873355645289306
0.03187222716911596	0.0389000814799296
0.0318731175250881	0.038500613941186916
0.03170076913392479	0.038659915819303295
0.03168218283117606	0.03852854154252946
0.03166721581266982	0.03870188895690243
0.031522250353182076	0.03857618341360333
0.031592760588870665	0.03836672103784157
0.03147624136718052	0.038095432314903074
0.031392702337880746	0.03813484407103929
0.03152671891409199	0.038017931183609424
0.030973594527380195	0.03818890228066366
0.031095295579886422	0.037857570541593506
0.03104077085019335	0.03770782471559448
0.031087362420288724	0.037797081139203964
0.031115423769930366	0.037469516527292974
0.03078471537098445	0.037754196064233754
0.031058929359451173	0.03782835792001856
0.030847064062398552	0.03771637163615782
0.030522922578952384	0.03760165981297736
0.030663306407954997	0.0372465560264105
0.030515100522869765	0.03745780307410261
0.030361193467679754	0.037525137545806234
0.03045144704749113	0.037283124598742
0.0306771278898693	0.03715865254156374
0.030494805150225422	0.037121885273879676
0.0305788455348338	0.03727627192721297
0.030217646043835433	0.03690589850245012
0.030339975197941616	0.03721485569668453
0.03058194191870051	0.03691103281770043
0.030510308956667547	0.036776701046609586
0.030325066036984327	0.0370335089230245
0.030151593518828415	0.036815295570070745
0.03001952262892912	0.03684962766665496
0.03003936432976026	0.03613681651201453
0.0302725261854903	0.03661227816356551
0.029746535796372316	0.036262376650916486
0.02963567958555232	0.03630183905503726
0.029888899778433207	0.03625185158593565
0.029520685547552383	0.03612534698311404
0.02987400194580937	0.0361944746873294
0.029704977465538008	0.03620459457208844
0.029723529989738904	0.0358397445376799
0.02948917844441696	0.03593523322415304
0.02958644872920678	0.03614524764704016
0.029417824519678455	0.035808146860233155
0.029584250376228728	0.03575144305301226
0.029195838968652736	0.035733717254205905
0.029365487741844734	0.035441059965044215
0.02917955086790733	0.03573725014658595
0.02924018321378239	0.035583185828513726
0.029363044426248798	0.035535140757168904
0.02933778078008658	0.03526125731938465
0.02892500504447507	0.03556269261491049
0.029112405844933326	0.03474704492600961
0.028809011628961892	0.03519752376692685
0.02920624841774929	0.03490226856352114
0.029178031611307678	0.035156983006936704
0.0287479182867037	0.03451611077856567
0.028761855238542237	0.03513749258695088
0.02874701609976113	0.03506658074703669
0.0286308462016177	0.03503477990904027
0.02872484789588258	0.03471963458561884
0.028417004601432386	0.03490689379083954
0.02815453211888473	0.03464562266432924
0.028383488337667306	0.034686564262921944
0.028272804432862536	0.03416899732420065
0.028483849103739346	0.03468301030288301
0.028262793442082945	0.034360737905049045
0.028216677205783552	0.03435335724194101
0.028043562882820252	0.03454320068367824
0.028401519332240048	0.03429057695999325
0.02802599307426515	0.0341595294014533
0.028332617938257906	0.034297886556829096
0.02793395243451109	0.034032795420984134
0.027988653983231356	0.03395815792509849
0.027983658487692374	0.033945512308773934
0.027702826536177026	0.034193240726464715
0.027489471804710914	0.034033821989230634
0.027901446654142577	0.033873326715716835
0.02741583050023301	0.03381231036455756
0.02769847346361786	0.0333544017359767
0.027551987355746495	0.03359619088791778
0.02763153164174206	0.03348214646168039
0.02732253415135478	0.03349039364055846
0.027538880028335926	0.03353910851698521
0.027479086973209978	0.03343143035912027
0.027473409092355412	0.03315921559330392
0.02730673493920637	0.03313458740453279
0.027243441714869764	0.0334915526724193
0.02711286201948584	0.03280175049471732
0.02714930833433527	0.033049808492920496
0.02718563064951166	0.0333305217284865
0.02684196287259771	0.03279709525833822
0.027019378553234635	0.03290463155292174
0.0269059955122419	0.033211837840062264
0.0271932811069485	0.032616385218226386
0.026733660665740667	0.03277902689102939
0.026861189066117563	0.032514714914623294
0.026936375894538997	0.03268892314043511
0.02673397800594666	0.03234857830555462
0.026710001592931947	0.03271572788355665
0.026866478482434977	0.032464779775545675
0.026398166931752187	0.032313940420283446
0.026982380045350623	0.0324876577376023
0.02646160309293708	0.03183419173604338
0.02681141235964905	0.032337281542276226
0.02630918132111494	0.03225623068254902
0.026358430864915888	0.031838893667697994
0.026258198552794286	0.032209003983893585
0.026441684333998502	0.03188654462230044
0.025786872510723806	0.03192946869776899
0.02604702221799693	0.03198731965864042
0.026129697846949577	0.03174916679747424
0.02609129501333825	0.031775883085974004
0.026020125567371766	0.03205998112951396
0.025931770576322434	0.031456168950182745
0.026064054393678752	0.031351595718673055
0.025721512453377705	0.03151816660351452
0.025768473024848713	0.03166733142735226
0.025779489626542765	0.03126493520503819
0.025838847185980587	0.03135846009803098
0.025391608713908904	0.03119310354726636
0.025762627110401483	0.031249473197107167
0.02565292360635822	0.031017521718973286
0.025720519221133397	0.031170451181624672
0.025145523557626503	0.031214922560621965
0.02587477861578607	0.03133239019896066
0.02515408500927762	0.031099867364582028
0.025699950062316262	0.031239350521186517
0.02501117422937952	0.03052987035494098
0.02520055337805102	0.030830770700482603
0.02528574914498176	0.030851551868718984
0.02531327143047612	0.030581319292137893
0.02536954879950693	0.031042767515696804
0.0253182018271127	0.03088165119973306
0.02515914683296843	0.030558003854120434
0.025020650392217212	0.030823361580013673
0.025186103067588204	0.03053453319096091
0.025181927426339627	0.030393493055020815
0.02491412124790526	0.030304749913526587
0.02499949678380009	0.030161272729094305
0.02478107182800096	0.030346171273574467
0.0249285929073604	0.030327968917369018
0.025044981238030867	0.030132151206070816
0.024864006193078027	0.030518999449438443
0.024698004946235693	0.029942963264199596
0.02468627906504903	0.02996269462669668
0.024532705792161817	0.02959911011576246
0.024202512559008384	0.030037896447090377
0.024121797368377773	0.030271579780145594
0.024417176517709305	0.029532055005612817
0.0245472409669331	0.029950749275499025
0.024776129787962564	0.02963391793943624
0.024548658632771166	0.029458122787582794
0.024395731604873353	0.029356341688327965
0.024284174436191547	0.02973377692228806
0.024420954210079816	0.02945823492640243
0.02435824739847662	0.02956812443476959
0.02390927694567345	0.029250088255872487
0.023980551468847026	0.029422834844053978
0.0241086756869753	0.029061502725039497
0.024016362283802557	0.02910233015510037
0.02413165208355938	0.029384581939331883
0.02394890595480558	0.029220731007422056
0.024082132178427924	0.029351940519418817
0.02397361225662369	0.029300538219353394
0.02396864031901325	0.02892056861640807
0.02360512835855633	0.02870340506041048
0.023792013009510768	0.029228673300852777
0.023750542946502442	0.02856632539619636
0.023798287133218618	0.028479057631519603
0.023682028443671108	0.028849891086393614
0.02369054570616492	0.028658854662374684
0.023493220257610175	0.028616213329215056
0.02314715113978245	0.02836739131133994
0.0238385436208772	0.028427875905369864
0.023549855454106698	0.02847453504091703
0.02339860477694302	0.02819886914278016
0.02334991305038872	0.028510292490201615
0.02342068213340356	0.028152883698836416
0.023323345577221422	0.02841571478375274
0.02341680045071231	0.028307448260034996
0.023218834196426896	0.028051852726372933
0.023388079384878004	0.028239470036041235
0.02301318827915621	0.027887554275706786
0.023179045665122	0.02779891652952836
0.02311287485741031	0.027977950857449543
0.02288396103355245	0.02764578666288654
0.022839608162569837	0.027751518605115176
0.022898252108061398	0.027787202356740957
0.022805576686215256	0.027925367897681005
0.023144828472003182	0.02795989855213
0.0227303125298203	0.027805661207385205
0.02314505993415185	0.02752266856944753
0.022677696283235477	0.02774286229568959
0.02274647437508627	0.02729095261202472
0.022361313157932005	0.027583466499020343
0.0226137715840907	0.02778278054935805
0.022511870227329978	0.027367230140252895
0.02268776947451352	0.02739854196330876
0.022753360820425658	0.027457303934944624
0.022630444992671448	0.027299812681696116
0.022245437710890954	0.02696427429619392
0.022485404001536778	0.027107335726206067
0.022216322899131388	0.027225915880768947
0.02209257076252548	0.02722908912867298
0.0222361135749215	0.026944617813543917
0.02254604681656453	0.026884850211709145
0.021864588808188104	0.026676425589606874
0.02227255358407974	0.027090550004853716
0.022020850457461754	0.026672154175134542
0.021991125735474303	0.026379632002714756
0.022080914141116903	0.026935068579384595
0.021695370325760566	0.026832313714638595
0.02185905468751811	0.026741372044904028
0.021927113041427214	0.026844097326762233
0.021946229886054602	0.026287503240066297
0.021738117515914507	0.026490930655232066
0.021454298036951164	0.026334098720568612
0.02171393897060559	0.026266746760134043
0.021597008689267744	0.026185108202445365
0.021876713709158987	0.026366328199942345
0.02166788276284543	0.02615418663630515
0.0217343973604643	0.026060568009108033
0.021531787156602405	0.02630484766047523
0.02158469553808056	0.02592930681977025
0.021170967655156015	0.026026391587976705
0.021630773106237598	0.026090698830750807
0.021269091274158533	0.026061466561234703
0.02149911720231435	0.026408812945719132
0.02132541447073695	0.02603440904525818
0.021369157529158453	0.026023983944145433
0.020859947214542467	0.02587955050640446
0.0209846341992566	0.02577851604238153
0.021088734865828646	0.025955908205826647
0.021155781565586115	0.025695169763456885
0.021336328711395937	0.02567530574976498
0.021020875021701274	0.025378868916654616
0.021257354369749758	0.025546652484644657
0.02105064630829756	0.02546329383688492
0.02112731955982207	0.025244372727702562
0.02106045157151871	0.025617894737446988
0.02028867898632955	0.025461144633537568
0.020968642850867407	0.025482328924435287
0.020638214376790236	0.02514671333451301
0.02056664085738923	0.025263595251089187
0.020624097059377657	0.02527606119354892
0.02058775342428426	0.024922837901513152
0.020388219399285517	0.025333634723193183
0.020686603412298266	0.025050880426285244
0.020368596771018405	0.025193344193840228
0.02054185495074739	0.025139632924299417
0.020682283576239174	0.02472789081139791
0.02031651311787553	0.025183374032203887
0.0203111152239537	0.024572394502705246
0.020331816605322066	0.024909081485847872
0.02019597122278046	0.024590972165249525
0.020794541021495937	0.0246727078730358
0.020072824776568295	0.02472275441576651
0.020265631827524656	0.024799832606702002
0.02044106236742116	0.025000530754199023
0.020189876698915827	0.024330768330495495
0.020030557439020234	0.024489899999004076
0.02012202739430192	0.024552171527687714
0.02004330875029449	0.024480996544088127
0.020208043826482034	0.024119645351396435
0.019933962877308586	0.024326491346948836
0.020083956084024916	0.02442922099061682
0.020083370235354704	0.024261179007533863
0.01999364097076838	0.024313707111768022
0.020243735406417964	0.024258256630283047
0.019757199473053065	0.024336384348807527
0.02007846625683463	0.023976219256862143
0.019447808239851195	0.02392608699821312
0.01976819647033733	0.024146669967420258
0.019582999823175136	0.024031012963792855
0.019637924906235706	0.02412488915767146
0.019287906543428743	0.02390135532345346
0.019660817071179944	0.023813016466650346
0.01981340260775452	0.023810370427872683
0.019776889045555263	0.023660480157284176
0.01952718598552905	0.023532767771703916
0.01929921057921465	0.024007913921195917
0.019554311290715207	0.023373286456925435
0.01940545025575892	0.023239752448765902
0.019278206930849452	0.023584222529583573
0.019367725540310982	0.023516737317192254
0.01945228307150033	0.023582261829626302
0.019428041202571817	0.02379945060410661
0.01943199871030166	0.023335855632747395
0.019298224157389424	0.023436869430319154
0.01928421402144322	0.02345105569135417
0.019119914609191692	0.023365146339051988
0.018862454155703333	0.023083303045579855
0.018955199256814707	0.023421839189407226
0.01927275883764535	0.02319488237159833
0.019143596670019993	0.023571047371201387
0.019157632207299397	0.023293512744811465
0.019180763022021697	0.022940128019578072
0.019151046429750657	0.023277441843801566
0.019299511283224217	0.02265796717273924
0.018842916074936107	0.02313811398528872
0.01900797447567336	0.023195444381900826
0.01844385714133785	0.02296748751763887
0.018373323794817105	0.022882400613063462
0.018510789311389518	0.02262862421284496
0.018402436616929408	0.023055612116802095
0.018760626023027624	0.022524890934618114
0.018225838231362066	0.02272084675550198
0.01900684934356865	0.022522362830720684
0.01874526369697301	0.022484623142447178
0.018466284041520755	0.02272176766194334
0.01839715048050272	0.02231171764792471
0.018544482873310914	0.022334383004364595
0.018330535967682176	0.022356542285756672
0.01847748286507858	0.022444931373798886
0.01833541324569751	0.022202651731121938
0.01844425442874261	0.022466063119598492
0.018297524220956964	0.02221635265435675
0.01827378610711008	0.022260539353205218
0.01838914448038488	0.022461375688220618
0.01799807308640811	0.022179618250652577
0.018183773574498897	0.021988913414982568
0.018231901691343505	0.02230132523242724
0.017872538512755814	0.02210008186260606
0.018242779645772447	0.021732637675376344
0.018334573057855557	0.021922855180133233
0.01842307093522592	0.021601593499178277
0.017918275323868343	0.022054665533575345
0.01788179699747023	0.0220797507654467
0.0175682692072531	0.021798190290478903
0.01768769660667289	0.02190693639271568
0.017856530555171977	0.021573489765915964
0.017881835806071066	0.021604351163303268
0.01757069199100577	0.021679633036430845
0.017769600484459407	0.02135879002758421
0.017625569470638026	0.021088084494764674
0.01771703654024361	0.02134306627470388
0.01802316741964367	0.02161956959058048
0.01780977349257352	0.02115631858108126
0.017472708935515058	0.021369668136982052
0.01745352867284716	0.021221183154727916
0.017808191393912317	0.021596972711612695
0.017374477190111343	0.021477764745469228
0.017395278297022167	0.02115616915648777
0.0174383159762393	0.021160673061276555
0.017132066508961853	0.021396949657000716
0.017592612738257338	0.021402711996616957
0.017604526676472044	0.02098041664614049
0.01741963457157272	0.02124216976618827
0.017437242989922594	0.021036535063004798
0.017274804250680734	0.02097311317229859
0.017630887919662303	0.020707356738122858
0.017526181998564563	0.021097483744519707
0.01745416611971631	0.020845545830372708
0.017388137097147406	0.020870307166187693
0.017149501979196364	0.020560562016190366
0.017221217911519163	0.02041001056369543
0.016957858873862627	0.020873595865938194
0.01723782066213439	0.020743213376121374
0.01686308497627698	0.020478344147731878
0.01692323345245854	0.02077703710993795
0.017311658405755426	0.02067638845301543
0.016997272360916704	0.020313753907752398
0.01679332431049154	0.020443822318956775
0.016972248702031435	0.02042215606406915
0.016949194298510013	0.02027833370963907
0.0165902910809864	0.0204193926601435
0.01690778326984877	0.020435454541820858
0.016631735311723416	0.020654931484943146
0.01680104175509386	0.020500078487142206
0.016684004891635112	0.019943710428741265
0.016498465236586452	0.020420380320703313
0.016824497844786263	0.020391670121756623
0.016483653167472582	0.020488711263392436
0.016547677672878267	0.01975058257985158
0.016426512686437272	0.019843987354579606
0.016765934894986876	0.019912580241887717
0.01650105612232388	0.02014957198331323
0.01661887254917967	0.019857276800419314
0.01646760018395905	0.020117265885705976
0.0163652550898641	0.02010677435170455
0.016345605972320057	0.01992042715586136
0.016373067081663285	0.019558187041988168
0.016130747724218415	0.01982743744500383
0.016663444985814565	0.019335423109217806
0.01609253316846272	0.019850754990277934
0.016444181349776692	0.019783561349719068
0.0164672613693516	0.019674236873562866
0.016159052370570477	0.019887653954855717
0.016285972246716372	0.019529156350024807
0.01644886876714978	0.01990104045558207
0.016237418384190197	0.019312048665687507
0.015830850056666887	0.019035625505806113
0.015933751665499905	0.019017054652284066
0.015758617567681245	0.019523993209573022
0.016157476878453297	0.01982015193612677
0.016027424061540195	0.01942838058406613
0.01597555670035526	0.019402222815725935
0.016031659986450113	0.01917646302491981
0.015912781845759946	0.01940535136421933
0.015967215549375698	0.019222081366488872
0.015836518037322347	0.019424849310447745
0.01607941942938402	0.0190472775166403
0.015912241694753693	0.01919061010681568
0.015615322199097703	0.019094803544286432
0.015705609918363228	0.019167703439498744
0.015429608678445415	0.019473028612681024
0.015748726810442537	0.018972289329702716
0.015780166013565227	0.018877287887550977
0.015619535938455886	0.018716666486038293
0.015463443729438609	0.01907321987003572
0.015375110765853371	0.01905430016950633
0.015524196155527132	0.01900978407754992
0.015453603699360146	0.018506294848226513
0.015710814577043583	0.018772948541341542
0.015791608374626908	0.018783418703228274
0.015536873229474852	0.018574152056870713
0.015799890643475527	0.018846966147175227
0.01547860560820318	0.018695670437270513
0.015217833002952656	0.0186619244780244
0.015285786891052668	0.018785349771445633
0.015381846943344959	0.01863718599873042
0.014988370323359668	0.018443334870345968
0.01524066528394492	0.01845976174369426
0.014884604585733404	0.018609043019300803
0.015170349216055812	0.01858940818260884
0.015156756670090227	0.018362773132217382
0.01533212050706424	0.01837031174303975
0.015050401647089576	0.018131473424898625
0.014963356016675963	0.01802871015873299
0.015058724630313844	0.01828872930829363
0.014909942788494543	0.0181482911486154
0.014606617281067642	0.01796568552091769
0.0149403672699752	0.018109726626541298
0.014755487009118908	0.018011510455308966
0.015018005026357589	0.018116061055578305
0.01478572900098897	0.017898503932616713
0.01465268272267765	0.018089020867861128
0.014578039192062017	0.01791264595535897
0.014548209101510903	0.0178066553644962
0.014909342210379447	0.017954195480658845
0.014898623407243718	0.018163876293582615
0.014487474356934028	0.0179893016896068
0.014517837014125533	0.017850479552284807
0.014870531036091384	0.01772233533293579
0.015002577424621754	0.018002734643632872
0.01441682068420669	0.01785790268060909
0.014661808916752008	0.017814878682012158
0.014480488847099383	0.017547269275181448
0.014717391438115415	0.017440204638943677
0.014473643862240532	0.01800102634819627
0.014738845842838313	0.017683866312887514
0.01403612995351784	0.017344861631167087
0.014284438092988072	0.01781254621274171
0.014546215303761809	0.017480289138154696
0.014348086013706704	0.017343853713247114
0.014278402274289238	0.01715824042150956
0.014233874429858795	0.017072315937560784
0.01425864833908785	0.01703514679478091
0.014016940756730933	0.017256381680448706
0.0141766833223363	0.017169509918705455
0.013816033550910269	0.01721498226874842
0.014255619945059467	0.016968355533105446
0.014061698365246254	0.017333296381351053
0.0138597560042574	0.016931742660108447
0.013926494170481247	0.0170954254548183
0.013774909754527075	0.016974818113532405
0.013909735009890135	0.016895835089871202
0.01424803988537738	0.016838218826827286
0.014185461995411703	0.016894365315616923
0.013959869595711003	0.016974594689164554
0.014164337590523317	0.017117808055158786
0.01398977964624078	0.017251978272040395
0.013869668581048385	0.01698769083612934
0.013603216025354511	0.017220497482715074
0.013768205871500617	0.01706782932620865
0.014229211108638003	0.01690761682282649
0.013904182153010949	0.016488801429632337
0.013749697521680895	0.01693864049396588
0.014168124449500427	0.01666252541100085
0.013809870758580107	0.016490671706540703
0.0139701192755739	0.016616317502468343
0.013631108365643062	0.01672461117470434
0.013696458910776903	0.01665209698280643
0.013613761936361693	0.016606244592153114
0.013545777736656094	0.016482468879316876
0.013484158425642873	0.016453073643937364
0.013618748518480904	0.01630186623235223
0.013520772550863288	0.016533298113237116
0.01358985274323283	0.01679295433529627
0.013875038182047087	0.016676443223356218
0.013625701790258238	0.01599629465815053
0.014148160993248421	0.016453024806646434
0.013258689316966311	0.01644700832519953
0.01352465575758498	0.016416653847485283
0.013584314341571216	0.016445676008377506
0.013295540859514253	0.01637153848887446
0.013354799085915749	0.016167029395747143
0.013216246959861533	0.01582922173441316
0.013216905201506245	0.01616692394920854
0.013236930673679299	0.016307461022522052
0.013182317309921112	0.016379226827787235
0.013100026283975125	0.016131004480743075
0.01316581733123975	0.01607324534757502
0.013254935030498084	0.0160611060143444
0.012762853762696919	0.016307461094311675
0.013587554367287874	0.01586854643672389
0.01276537923717408	0.016061732006287976
0.013308689562003366	0.015827380938060746
0.013082415513985214	0.01596915925690255
0.01289165172803653	0.01577728216529695
0.013067258719827652	0.016237989972178016
0.01292839937352853	0.015709796275369222
0.012773661332797401	0.015833113627231218
0.012861838930661056	0.015603846385406286
0.01291553151144724	0.01533594550943436
0.012885291804590955	0.015440131526081776
0.012878670073256063	0.015796724560799492
0.012752113366487907	0.015516854585181164
0.0128572994244506	0.015890664593054996
0.012445047505004875	0.01565001829494337
0.012768911309945275	0.01568301183960651
0.012432801408036846	0.01571463595252999
0.012647968732242176	0.015546657881079944
0.013016294497662124	0.015536606279435768
0.012548233449772612	0.01564229479402896
0.012498486973412704	0.015090631159744992
0.012504752373621308	0.01553313154873507
0.012683005645985118	0.015496443824168801
0.012675779814126212	0.015418078225116694
0.012713635599569385	0.01550346268116189
0.01257800186910047	0.015523849231722741
0.012979375415110676	0.015564716457142642
0.012606279767904124	0.01527749363259269
0.012768525104146156	0.015408796320703307
0.012507771935854853	0.015161056354498837
0.012816739413049612	0.014999832251466966
0.012571281642967183	0.015055491613588167
0.012261875530720143	0.015056348676143987
0.01208574971433524	0.014976306919980479
0.012457139529687137	0.014917608013790449
0.012297382373978316	0.014955997498125801
0.011746169398301561	0.01506818544055026
0.01200392721942389	0.015048125697471229
0.012253713087471831	0.015159668072631196
0.012370885674566004	0.014865627293225263
0.012336971842328924	0.014743893637165389
0.01255753947309201	0.015017934112111758
0.012289230140334905	0.014570162098448521
0.012039851446985748	0.015011054312008743
0.012121660551686692	0.014933652135388085
0.012263039268742643	0.01502571947777111
0.012055005492860435	0.014867690747714128
0.01196129275300705	0.014572787369226424
0.012231373365655905	0.014969471864928202
0.012156069308107635	0.01493461994876085
0.01206828262199432	0.014345069211079895
0.012015243806452284	0.014673695639854056
0.012120355554434185	0.014733048507219858
0.01221105217419044	0.014605015195646387
0.012083503998975587	0.014759353739252929
0.012145248799394074	0.014826754996062138
0.011850636669476543	0.01455639122212301
0.012022855653377417	0.014488701145396788
0.011668343860255451	0.014145035546206611
0.011598136915600748	0.014905262527510205
0.012015678255201554	0.014666748711070099
0.011647640098237278	0.014363839160414489
0.011931564070993963	0.014377216908531585
0.011602691880907253	0.01440913197573202
0.011601865458776605	0.014155447211071797
0.011587549493697103	0.014659992377554817
0.01154250472144469	0.01426517831123651
0.012013200150023164	0.014014856227478525
0.011471021182382978	0.013966129937852408
0.011577171703935393	0.01449774387937142
0.011697269689809574	0.014147058721229183
0.011428740941531316	0.014224045516341264
0.011612679096458547	0.013806938968449237
0.011375420298988524	0.014285414267246062
0.01165265006763783	0.01408022043694043
0.01159567371006222	0.014039523608955098
0.011721598524546578	0.013999149233920196
0.011509142938815557	0.013889157317027005
0.01131190443524735	0.014168120809500327
0.011796119834397146	0.013852794351798947
0.01157822370568471	0.013849486360137313
0.011331995777601267	0.01359147906531197
0.010989338086299951	0.013936260566153174
0.011303329113105482	0.013852144457496694
0.011479809256123127	0.013678297399325889
0.011226652536215274	0.013808098094750039
0.011289157242249766	0.013733956980085452
0.01130741512140266	0.01389261485893726
0.011310193284058818	0.013888621996218532
0.011375476170826323	0.013849342392660623
0.011402739982380469	0.013499459388753339
0.011279651486097888	0.013681902143688742
0.011285844076327427	0.013458603066599913
0.011609717609501111	0.013672870553362021
0.011153455397023247	0.013935075659423153
0.011154564415834534	0.013649505217628819
0.011200700489727764	0.01333227408885335
0.011465135683351503	0.013383835460646778
0.010982341820904478	0.013494272845193805
0.010769099723292624	0.01360890430896026
0.011057420375664135	0.01333643508836332
0.010765886036218543	0.013447074903974883
0.010763822173952768	0.013465336141295399
0.011099834481369116	0.013454936531862648
0.011008734379342256	0.01364006459281215
0.011349541025188627	0.013356822216153533
0.011214848848196131	0.013541632562747817
0.01102985027678694	0.013479301776182779
0.01065720230094089	0.013470980968185671
0.010966935042058326	0.013180709303393358
0.01101915704969595	0.01335557906308071
0.011034660601119017	0.013285138831329979
0.010484998914203316	0.013355804614052117
0.011001016665367678	0.01326264759242602
0.01083837491021506	0.01325168598480133
0.010899024138226953	0.013045461317634198
0.010460272611001608	0.013283124879473742
0.01088428472819248	0.012856786695728317
0.010207581478176733	0.013080926598214946
0.010263996198428783	0.01297744933516386
0.01025808988332564	0.012971460645965476
0.010544007450370863	0.013036087316100922
0.010740727311275037	0.01314343401608693
0.010455141942910624	0.012964901482095614
0.010460084596192253	0.01269685070900558
0.010037836998190351	0.012838211037995489
0.010343831604065412	0.013393744023251272
0.010961960104714282	0.012791795727732235
0.010605194409050347	0.012811726941170783
0.010289478354327844	0.01321180673339826
0.010386851862881472	0.012670304565390773
0.010469822927434053	0.012842836246483753
0.010175430792941333	0.012678371428208489
0.01041946388288795	0.012728619139566058
0.010490131952532006	0.012420047232231357
0.010549513625595211	0.012850477202972424
0.010361504348558733	0.012735324880873568
0.009996945468144641	0.012260650785764857
0.010020713400134123	0.012519683844055688
0.01040819219234109	0.012813273425589772
0.010061792096544628	0.012523156646202228
0.010149143472474215	0.01246952069522937
0.01021380488292798	0.012504157610926981
0.00983904342725001	0.012288132091101807
0.010461710973927988	0.012419014918021668
0.010254570381127898	0.012612936225022409
0.010291394904643163	0.01241362921924837
0.010133155180137238	0.01259159403360569
0.01023995234653276	0.01229345117121887
0.010261109356900609	0.01226656407124923
0.0097643379591558	0.012190343828216349
0.0099809313250327	0.012068790336966792
0.010147190867482949	0.012353834714482825
0.009820755190392593	0.012423468208496886
0.01001073742121709	0.012280378627289843
0.009802643778247081	0.012456202370352656
0.009727218640594223	0.011930846340482986
0.009961096775123631	0.01216039811347972
0.00998803361745328	0.012190993773431719
0.00998737589258211	0.011966086329103244
0.009636836663977891	0.0120643248147592
0.009618419297758085	0.012118660514516011
0.009772729205946275	0.012203107748898252
0.009768521773119666	0.011903018296953359
0.00979095464787309	0.012336144628937435
0.00980358637282963	0.012080742704715288
0.009780415343153156	0.012046780469577374
0.009495055290689709	0.011981454338966318
0.009683078602719697	0.012219413196896931
0.009861823489022856	0.011920400288274248
0.009699425807099525	0.011921199350659481
0.009856466959447235	0.012007645310814679
0.009823329024170567	0.01165913248873737
0.009691746575050909	0.011844306953262468
0.009806576518467483	0.01185577324146702
0.009657150109297085	0.011717072088500436
0.009765196502236196	0.01182072176849383
0.009429328863990378	0.011782567518703935
0.009671300401626748	0.011954616780580907
0.009432815773934497	0.011425451222125045
0.009750295113461099	0.011773402922460024
0.009566782628300907	0.011352418262783754
0.009607947016033071	0.011713638868880133
0.00944792239660909	0.011529237354462584
0.009343007560288573	0.01158262117920491
0.009830455555087911	0.011482395358210823
0.009010329629737997	0.011524727870972638
0.009227612985437755	0.011690896378135822
0.008808792932817966	0.012084454959767314
0.009938463123663014	0.011337154586310622
0.009199120434899599	0.011723547020280134
0.009602937170806713	0.011339900430595972
0.009184405465420327	0.011620155201231563
0.009210996008007052	0.0117510815399151
0.009560996207333864	0.011090400477458651
0.009530237175670066	0.011260627670425651
0.009213756184742055	0.01154432312564017
0.009476296081942429	0.011295271869791545
0.008954073442348954	0.011485247832340924
0.009272229190397255	0.011251549133041727
0.009430326635106095	0.011505302420523476
0.009266146781081005	0.011096493331918257
0.009482106828883702	0.011236108002091875
0.009414610734219902	0.01101788695577398
0.009259051393392483	0.011037879534809855
0.009265443537219193	0.011411806558894929
0.009230279856902604	0.010799387928993386
0.009340708090729666	0.010957296379984938
0.009044714318993905	0.011321212395040938
0.009058738533654818	0.010822935664175045
0.009058145618094886	0.011407399401900652
0.009329789173893542	0.010976283945658326
0.009394829199353909	0.011058936649932875
0.009105804029776949	0.010759547421910173
0.009095523060235344	0.011075815125695502
0.008963954819475253	0.011009242143596184
0.00905707398951357	0.010968785720487645
0.008769057531406565	0.010975516569349433
0.00942885323201556	0.010982049240869153
0.008711287099308641	0.01109691618011961
0.00878430782322197	0.011039705627132891
0.008862932719873276	0.01095769019535316
0.008914779655499337	0.0107445203936247
0.008813511869543584	0.011185105146991546
0.00862677668403352	0.010702073181391731
0.008772900114414192	0.010815965269547043
0.008921079347090034	0.011031898819792352
0.008829741378871684	0.010777928890979553
0.008571381066216998	0.01057965214082987
0.008853280125406836	0.010792226246945695
0.008959924638034878	0.01090465694721089
0.008751125257027023	0.010498584561438446
0.009085991068124376	0.010501277755662597
0.00875628349990488	0.010370842742064242
0.008784784029576284	0.010709170841186636
0.008415402676310274	0.010891561478873104
0.008658241131133664	0.010686858479193663
0.00832265327294814	0.010512061103109413
0.008948017222043667	0.01064781888416952
0.008386025135474165	0.010388714878360508
0.008737428140369182	0.010242227309491318
0.008799029125246651	0.010855009629340233
0.008185816808862385	0.010537232169425773
0.008534206416499384	0.01058728417198164
0.008394478173599498	0.01072106959474933
0.008601326509042884	0.010267173378413348
0.00834860396680472	0.010350570203031978
0.008510403273987338	0.010465500451121962
0.008642089079119494	0.01046427897639146
0.008257432940058415	0.01069649855246051
0.00848836830323746	0.010095812211584643
0.008268866944345633	0.010373053058514926
0.008756606446468461	0.010297695477536428
0.008302099869037212	0.010361995924278637
0.008709796151205294	0.010754760804263927
0.008418254955772692	0.010247898506968242
0.008229113695645964	0.010628990431378747
0.008444680021808025	0.010592846008244707
0.008364182480184144	0.010033975708437773
0.008119967498995578	0.009889228410103297
0.008454474020063066	0.010437965094683036
0.008368683709516966	0.010339206871007577
0.008445079960289977	0.010336214498510651
0.008335234970989026	0.010113746105617648
0.008085767942845408	0.009892393977787056
0.008064931575430187	0.009996791867933438
0.008204337114735987	0.010270228828282555
0.00828111542852694	0.010060666327162513
0.008041969035003722	0.010313039585146436
0.007997414369012648	0.009908008796803357
0.00819165382457959	0.010043362765921196
0.007951537113070017	0.009895296242093411
0.00845629415297863	0.00962298736321757
0.008251047006225322	0.010154499034733647
0.008028709100991054	0.010450140514013781
0.008126756286279006	0.009938294934064746
0.008344798218560195	0.009829054657354857
0.008237092314731532	0.009841941132263944
0.00831547370328334	0.009827290184391357
0.008370403929495661	0.010017658183883659
0.008306321717471072	0.009723166227178741
0.007957387747952493	0.009754363605493983
0.007983319793992099	0.009767893767487502
0.007786477896776863	0.009726665109925899
0.008231009832548881	0.009722525849351377
0.007893137418897763	0.009898162551540276
0.008091169098068852	0.009535218910909615
0.007915714220137943	0.01003560084631863
0.007951255519959751	0.009766712895517322
0.007628997730300867	0.009618574476195853
0.00770056010763078	0.009607972622195154
0.00804254214264303	0.00969955469183444
0.007909975543831634	0.009549526454964976
0.008124522227383642	0.009695996674650029
0.007838757391815195	0.009729247041053206
0.007956291692692513	0.00962583634690754
0.00775831535060466	0.009815150720756371
0.007526572179156548	0.009316417532224367
0.007547023644146374	0.009454737526719286
0.007768229253497079	0.009535360483125062
0.0075551494372843855	0.00938145356648229
0.007841535469247206	0.009724568785610855
0.007360834689770315	0.009287990173132678
0.007895962497500018	0.009685059799437862
0.007664340447606845	0.009475872964760896
0.007719376068473984	0.00967500786502102
0.007994715317094407	0.00931921998612902
0.007958505342534773	0.009311397150023682
0.007684336356973287	0.009301773577311427
0.0074812114848771104	0.00935257351392088
0.0076163547865416735	0.00951662522071321
0.007850617757956407	0.009493404783683728
0.007329101796041307	0.00900549758327552
0.0077942413522109006	0.009153648619187825
0.007779562984139766	0.009424147512190777
0.007605902705295539	0.009442728740574263
0.007505144071219289	0.009057722733921188
0.007377619525517354	0.009334281988533264
0.007450778750904042	0.009164113880626854
0.0076782500547008916	0.009197587737683964
0.007604102900698018	0.009114288352947766
0.007404033227710483	0.009241566290828751
0.007602565539766656	0.008829749437845657
0.0073855462416943865	0.00911254973588343
0.007419910343749343	0.009158021547284897
0.0072855878710702	0.009129743933015296
0.007561862348339484	0.008971813789603267
0.007085554451819542	0.009501901239906334
0.007686275941284027	0.00928712625991069
0.007489350256812517	0.00878206083982162
0.007457561017966992	0.008865113203223161
0.007571559468409155	0.008880940020204146
0.00749425466897395	0.008627816392446015
0.0070184435631375965	0.009220622835046944
0.007621306077973743	0.009200169897452969
0.007222069184060033	0.009132793544287728
0.00743008566805656	0.009034837597527462
0.006954730565515033	0.009197657705333625
0.00707956862202892	0.008762478704797823
0.007455312976279644	0.008800727212627568
0.0072316308867057325	0.008949935589402559
0.0070732827902994224	0.008819950335573114
