2048.0	0.0
5.0	0.0
100.0	0.0
3000000.0	0.0
32.0	0.0
100000.0	0.0
5000.0	0.0
5000.0	0.0
527671.0	0.0
10000.0	0.0
0.6907358232592384	0.5697042259298593
0.4384153430683195	0.833196214251781
0.7133061339560514	0.5561452157630185
0.41680087640849844	0.8364125737379087
0.726802897330618	0.5515975191199327
0.4041580705702335	0.8323540994682399
0.731392533745653	0.5546341926159439
0.3997801602644101	0.8214471073789463
0.7272055724932498	0.5635190131028304
0.40398360413062373	0.8052184742407774
0.7154280806762923	0.5781514670377235
0.41484989693291907	0.7826447513786859
0.6964905868435803	0.5972335738060183
0.4338480571826937	0.7563164716295208
0.6698471716656956	0.6212135812955794
0.4594271303200702	0.7260647832187821
0.6381994538625563	0.6474865429801586
0.4888939086861155	0.6940810198611778
0.60213479208985	0.6747539818204525
0.5226319819538329	0.6620838959715329
0.5642798694588336	0.7013289692712631
0.5561752677051096	0.6335034026874937
0.5278781553958337	0.7233123304772962
0.5871319232127676	0.6092993758809211
0.49538949992292775	0.7389368385432944
0.6115280924538342	0.5924928450876092
0.4707306138659556	0.747473220525735
0.6285934136231001	0.5834106463362555
0.4550833895603082	0.7478532435432366
0.6355771150552916	0.5834832359570554
0.44930344562637226	0.7389338758687781
0.632534196597862	0.5906051283713061
0.4531518375771652	0.7238563033800026
0.6208993320348418	0.6039184222004349
0.464646685280386	0.7041194355553644
0.6026204379970197	0.620440045215758
0.4819167150450514	0.681484675132375
0.5797757214931321	0.6380243012024015
0.5024031102635899	0.6596864143008424
0.5552589615474466	0.6547873323321962
0.5231911876291904	0.6387777290082984
0.5310699946811808	0.6693172867967205
0.5420054646426665	0.6218883085084352
0.5101097300106574	0.6798880574653707
0.5571925303154927	0.609062851442785
0.49359648250987975	0.6860221589588025
0.5682319259929441	0.6010569740301681
0.48138581661088203	0.687127014879696
0.5739007637522038	0.5973523733704273
0.4744155223412382	0.6840218349043372
0.5744711842123337	0.5979656988835326
0.4727599152978953	0.677173686784754
0.5702995405564227	0.60207134270442
0.4756920073292616	0.6673291370197323
0.56195981943458	0.6085207163725308
0.48164630903669403	0.6559296501069469
0.550992501496763	0.6159864651260457
0.4903415603772701	0.6430324281742575
0.538117277781001	0.6242644333619045
0.49998409801434884	0.6304548248572455
0.524169456705794	0.6321329408123544
0.5101028736785369	0.6189075629081484
0.5111486772763011	0.6388520954902224
0.5192205248384052	0.6086271453977978
0.49871158811996663	0.6433653417229432
0.526770972795194	0.6013105027780903
0.48849525061611176	0.6456743050667579
0.5320884978837621	0.5958819765790098
0.4811145666251335	0.6454331278461798
0.5345208578247147	0.5923944655777441
0.47642226769365753	0.6433783231655632
0.5344320635107949	0.5915859783016286
0.47487258694909334	0.6386086637632093
0.5311098293685574	0.5931660850622336
0.4754368106293993	0.6322351297983083
0.5261376114848298	0.5959127691185543
0.4783838905381408	0.6244779824749404
0.5189543566260802	0.599282232798232
0.4818828869202296	0.6167654044934909
0.5112935543400541	0.6031578115035288
0.48702246706903696	0.6086955127983525
0.5028804381119129	0.6064794093959482
0.49152415774829106	0.6015701634699672
0.49470091221488566	0.6085195771355256
0.49558118209961566	0.5953625044600785
0.4880055613297363	0.6105155550306054
0.49901352487594514	0.5900766110709906
0.48207111753670506	0.6107122015404063
0.5007743637901627	0.5862823072092945
0.47716289914842225	0.6093754416671369
0.5009294443014731	0.5839965996575762
0.47419234108329145	0.6074360638033404
0.5007162346853125	0.5818381973584497
0.47179931155556637	0.6050420759806838
0.499172182901924	0.5816248877825853
0.4703590139847528	0.6008676211121244
0.49636181389615835	0.5807598973891924
0.4707163221828544	0.5966760644165651
0.492481707943813	0.5811114425548126
0.47114471429125865	0.5925884987814503
0.4876814206747327	0.5817856003409281
0.4719410312734162	0.5872713973496904
0.4835420053096422	0.5824622787046995
0.4734573825141166	0.5832309634522534
0.4786635169228787	0.5826162209311547
0.4750076624826711	0.5789721159709903
0.4745118270011538	0.5826381634532786
0.47598150490606267	0.5749821282848182
0.4700976160255761	0.5826855178577027
0.4764635972379968	0.5706924953756789
0.46646436323817697	0.5819466410400606
0.47690438258045176	0.5680867971274549
0.4630808151062502	0.5804496919182901
0.47665867838863524	0.5655061879354144
0.4604870684290557	0.5789057364586081
0.47592162861267534	0.5632471706854503
0.45816896496500986	0.5763365096120996
0.47421163871538563	0.561956386783633
0.4567480059144555	0.5733444824097699
0.4721762523659881	0.5610989706779599
0.4561283738060548	0.571128475599869
0.46928830221345436	0.5604629747985721
0.45558578243519043	0.5670833272187448
0.46651832099308166	0.5604844721785648
0.45558396097156423	0.563313561726763
0.462451979824265	0.5596066620998987
0.45640698792217704	0.5599653563163155
0.4591074734835104	0.5598184577418948
0.45642536753627105	0.5556615120445174
0.45541645883298704	0.5592316693824363
0.4567938814215971	0.5526329280334022
0.45192656869764647	0.5586805480982625
0.45775268874543307	0.5493297641404488
0.44856498534372663	0.5580121957549091
0.4574710074629661	0.5472260444942283
0.4459087549722348	0.5566314293448289
0.45668495050136526	0.5442571877300473
0.44356126104705906	0.5546364653511611
0.4554194149012749	0.5422088971910626
0.44176937791047116	0.5523972202421459
0.4543756174855446	0.5414095939866745
0.4404939305378439	0.5496606654459164
0.45227789760964004	0.5402767470754435
0.4396611618129035	0.5465815551470953
0.4498610454940453	0.5393795636933472
0.4393749859593992	0.5438338720559183
0.44683663513477845	0.5390691522228572
0.43912608278613907	0.5399611179668999
0.4436177665735926	0.5386245912740956
0.4393861579673881	0.5369015204634492
0.4404309742958651	0.537789607603802
0.43946730532034795	0.5339384261269433
0.4373819757980997	0.5373522361421217
0.4396236173572933	0.5303153325587907
0.4338344008851501	0.53644746879339
0.43964421125738407	0.52810710884551
0.431009413915504	0.5351327637009125
0.4390088222280471	0.5255546064320029
0.4285605274171529	0.5336834271416274
0.4384709373003083	0.5235067945782415
0.426724596719533	0.5323583673262414
0.43691878728375466	0.5219951294505651
0.4252864328704855	0.5295935693223417
0.4350984381775201	0.5213437698371478
0.4243660869523632	0.5271856659208083
0.433023816958393	0.5201113261816538
0.4239187696969104	0.5241487694292852
0.43017026260835073	0.5195066985348624
0.4235740571437396	0.5211747618117278
0.42750211975533614	0.5192196907444778
0.4233633982269416	0.5179762348266619
0.42447296682558805	0.5183502668570366
0.42368384753880584	0.5146777861705474
0.4216949597615858	0.5176293811259247
0.42356067685372567	0.5121050882882499
0.418910120220786	0.5168989243078251
0.4232917231341873	0.5092600390439536
0.4161603501216919	0.5154705222496446
0.42301714286099573	0.5073614713072133
0.4141197838608424	0.5137201770158384
0.421720803028105	0.5057369835662324
0.41270808895894884	0.5120617401455809
0.4201480439368686	0.5043752709728522
0.41128797471148903	0.5098383270347288
0.4182095427905332	0.50303583989442
0.41021238836040486	0.5075269870420344
0.41645934511122035	0.5021366648508008
0.409618255588118	0.5048931311102135
0.41398350772571	0.500822871955557
0.40890109144024855	0.5021064856045871
0.4115688745876358	0.5001293316529115
0.4084131650984861	0.49910158995215526
0.40899388257779107	0.4993460749484895
0.40837542438458985	0.4968381076612258
0.40697702537550173	0.4983351013855429
0.4077908640062998	0.4947314591008527
0.40448939261608896	0.4973351805290495
0.4066317585930447	0.49199264964493183
0.40246625555476545	0.49595039768138527
0.4062867005960794	0.49026306240288386
0.4003678443646078	0.49431684538996684
0.40477490944463757	0.4886807693745768
0.39867230419106253	0.49286071633533035
0.40382529609780204	0.48677672446591314
0.39707707752106575	0.49090135820304936
0.40222370638476657	0.4852775337697436
0.39621440120761064	0.48834528803792704
0.40070161297307916	0.4841601019225962
0.3950611516140567	0.4864835645868482
0.39894144352129135	0.4832239234035836
0.3942780694069878	0.48457386488638393
0.3969827650443981	0.4813820321804873
0.3934407713050383	0.4818986712460616
0.39504274267546147	0.48054754244685915
0.3927998756338267	0.47977436358947606
0.3931021986001497	0.4798048792605632
0.3922461779313279	0.4775809706460206
0.3904468102939104	0.47837653842580047
0.39127670816011706	0.4753935621835352
0.3889721464991197	0.4771128485415798
0.39054431857602645	0.47337954505730373
0.3868469969169156	0.4754978753338504
0.38972996535643634	0.4717301875693049
0.3851857527826581	0.4742449112679562
0.3883731063897637	0.4700036198949662
0.38419490097374104	0.4727246550608389
0.3871207890030276	0.4681886870794521
0.38268560266282214	0.470148053765513
0.38577158374117965	0.4669889411877552
0.381211481295613	0.4686408509356488
0.38464681480340446	0.4657371473330251
0.38068958657083074	0.4668217879053068
0.3825949767257692	0.4643883247129056
0.3793564552773768	0.4646480630568861
0.3809060370430154	0.46336576828884934
0.37842586421796187	0.4627128991104363
0.37925658035075294	0.4616151064798523
0.3775067597734267	0.4610297687743575
0.37711009680194096	0.4604879132935191
0.37690419511380496	0.4590472408738884
0.3759488673912872	0.4590816074168742
0.3756078671847494	0.45709680650024365
0.37427462551341856	0.4577569884019326
0.374892043017334	0.45497982660374947
0.3723775434013377	0.45621731248873215
0.3738700552639373	0.4533683848306849
0.37048173734456125	0.4546387940193371
0.37248143715365495	0.4518679501223224
0.36952425736660777	0.45345681824918455
0.37150160164745705	0.4500026696765119
0.36840325894443815	0.4518109331542882
0.37047493858810115	0.4485485666974295
0.36710776269799017	0.4500125707514846
0.36906889481180966	0.4475831211295438
0.3658808786894977	0.4478536613298085
0.3671979353160745	0.44590800886996235
0.36521566540032885	0.44620294239491376
0.3658544541327724	0.4447058339951048
0.36384302756955544	0.44431066350465365
0.36433920161390165	0.44398524967045067
0.36290610844298277	0.4424537195469687
0.36232234839955973	0.4422096780025352
0.36182518315775414	0.4407500163972547
0.36055362601192464	0.44110823231551544
0.3611631368791224	0.43900089638726797
0.3595983745159013	0.4398574368966141
0.36004807376655246	0.43716922104520695
0.35768651383283845	0.4381666325643034
0.359004522470361	0.435667407866101
0.35587161630886033	0.43730564208435935
0.35781124683686005	0.4339042005747275
0.3547640410773893	0.4351304373911414
0.356607880011052	0.4325904805515983
0.3536603298245525	0.4333272154447504
0.35521094374702233	0.43114240443479557
0.35274738775867565	0.432014899130645
0.3539571749583706	0.4298916097763533
0.35163130782452257	0.4302555666656927
0.35284747661804683	0.42833506600620513
0.35047588258342566	0.4285075351543176
0.35119943163135336	0.4273787893416494
0.3496763700673054	0.4270759934451006
0.34977833785050066	0.4262203019640281
0.34885787108979327	0.42494889641295214
0.3481080171907841	0.4246807902483877
0.3478329720540562	0.42340084597134675
0.34706712544141477	0.42366099519735073
0.3469984891472957	0.4213575320197807
0.34502857536211046	0.4222219935009034
0.3457936153778357	0.41995530836411427
0.34366345821535127	0.42120212203454954
0.34506254007232934	0.418361355078221
0.34235325802276384	0.4200044197872726
0.3439486593130696	0.416944561533642
0.3411985246164934	0.4181433824440713
0.342784319326794	0.41567319377185963
0.3399359289620948	0.41635766801846025
0.3413597200497034	0.41417252796261195
0.3390270942101143	0.4147479813153657
0.34036240295155423	0.41325509155969997
0.3378328420590271	0.4133220466162137
0.338860046465986	0.41146693797578643
0.33669504490952656	0.411656900260123
0.33736730993703734	0.41055889622418584
0.3357763350449229	0.4097556726364903
0.33612574439304943	0.40920483259681795
0.3349998211233894	0.4084933644842531
0.334741386617436	0.4081772252481806
0.3338111126701498	0.4068180020011446
0.33338526492175913	0.40679184764445514
0.3328326953623178	0.4052289106482298
0.3316026759913628	0.40548057588591885
0.33194471722036073	0.40373767702778113
0.3301011648353249	0.4045018626038993
0.3313998843419277	0.4021994784100021
0.3288663545846307	0.40265876965718167
0.3303563276051984	0.4005413254447261
0.32790021651764456	0.40170824952730205
0.3289375246892051	0.3990242728113881
0.3264537079438894	0.4003054434940304
0.32804281939521446	0.3979250307805376
0.32536335263800437	0.39898659622938926
0.3270259528952845	0.396215341451764
0.32421293445907495	0.3978112169362032
0.3256596447948662	0.39556638282533496
0.32320207503211273	0.39555483278126313
0.32425989540590877	0.3945403377408143
0.3222068862230387	0.39374148744829096
0.3232161707106887	0.39276503036671717
0.3216525888543603	0.39237741583790564
0.3214706982264995	0.3920714122584621
0.3210011640978383	0.39095950820324205
0.31991040756484723	0.3909276602295243
0.3198286342847302	0.3889177350268183
0.3188014039665718	0.38966161841033914
0.31949542245186824	0.38722622057588296
0.3172505872446535	0.38873114624523253
0.3181995886353388	0.3860119295211126
0.31599767364858017	0.3871179377046636
0.31756316256244277	0.3846731436505803
0.31452191668363855	0.3855023030685377
0.3164961081209717	0.3832043246182816
0.31347610228526995	0.384404440812103
0.3151322081193862	0.3820824041299455
0.31250468598999054	0.3828254556651475
0.31441324618579447	0.38064521449298094
0.3117429311973924	0.381289331063233
0.3130078275271699	0.37989676876197187
0.31046341526786986	0.3798480516832453
0.31171906262045845	0.3784069159140934
0.30978602428511465	0.37863498254514666
0.30997652733269326	0.37757596621250195
0.30950763404859655	0.37678417979427714
0.30884052680675	0.37665222501316464
0.30831088479963153	0.37529722342421445
0.30738501481237335	0.37538913089582593
0.3076569507566559	0.37362858726154874
0.3057308555456885	0.3742527661236351
0.3070676861958722	0.3719423582956286
0.30493734626121355	0.37312415377216185
0.3060340210215615	0.37098764015333574
0.30348986127116895	0.37196902459455117
0.305012015104632	0.3692438489189859
0.30235089660374115	0.3704790657002417
0.304181895575964	0.3686671677252959
0.3013835979767321	0.3695519541227799
0.3028737459695552	0.3670246988614788
0.30038043907732837	0.36792120265832284
0.3020348683152573	0.3659372752096894
0.2999766967550764	0.366305885763108
0.3003760148132514	0.3651681689892878
0.2989219268566537	0.36444134967198055
0.2988354488497983	0.36402888316530024
0.29850435901170774	0.36313093300760774
0.2977871764889187	0.362785818943266
0.2972396022046011	0.36167755177053035
0.29613437358672146	0.3620309777142578
0.29635438861696667	0.36010377521044756
0.29524635490336465	0.36068727507531334
0.29601093092846276	0.358671778970336
0.2938682420085596	0.35976112128529714
0.2948127975169569	0.3577028310065589
0.2927251033177087	0.35824614929620785
0.2936516123633261	0.3561756587303479
0.2917441265469488	0.3572888712364925
0.29309337492288134	0.35507448079531545
0.2906801213185844	0.3556558615733975
0.2920148248031897	0.35405461812757955
0.28937702879100585	0.3543493512146375
0.2907486569066638	0.3531873647625001
0.2891757602723185	0.3529801761828652
0.28970063480683955	0.3515165965954421
0.2879975024722742	0.35134643894745204
0.28816262755664424	0.35088634079738956
0.28718761382441893	0.3499286606897073
0.2868858588106814	0.34985357097437525
0.28675834892715635	0.34859358771351456
0.28568170031105944	0.348600676145895
0.2858262433575995	0.3471317597276818
0.28462434540466847	0.3474649758293359
0.2852539725445948	0.3459273930289801
0.2834346073335366	0.3463352457574051
0.28422549541046854	0.34486191169219904
0.28248792869185246	0.3454673572512683
0.28363793992265324	0.3435665239779244
0.28124584925249424	0.34437330630252977
0.28249646826299407	0.3423587399911199
0.2804119376611067	0.34247365909587285
0.2816264078886752	0.3415775888352355
0.27936491527904156	0.3413660186848271
0.2799373690181352	0.33996848937297586
0.2786604207714304	0.34009132933291747
0.2787425887279513	0.33943928732194056
0.2778138849641418	0.33894549665684187
0.2778259777651695	0.33842712300246064
0.2768337846433937	0.3372979331266927
0.2764607871647465	0.3375453506969989
0.27650389180246776	0.3358744007221683
0.2752380658569362	0.33615574404076
0.2754937879564791	0.33494994470590833
0.2744254129066175	0.3351804586052314
0.27452618093409437	0.33312229976729707
0.27298139467248694	0.3338304401836915
0.27363341357226484	0.33214236283346155
0.27211228611998917	0.3328929022231669
0.27345170878214237	0.3311190993264951
0.27121588874724223	0.3315553874450511
0.2720381770609712	0.33008472859693055
0.2703496478578944	0.33044964052181663
0.2711688656451831	0.32897284017816886
0.26920613363787177	0.32911874241497274
0.2701312686409281	0.3277084857213112
0.26841900804733493	0.32819019423895873
0.2689226124742773	0.32692854158646056
0.26774664995889563	0.32629643686171567
0.267941286245145	0.3258547833905705
0.26739464352582976	0.32531220796294846
0.2668855123262971	0.32497634920793095
0.2666356270659256	0.32355743301619594
0.26541664064890463	0.3240567046096589
0.26576598110857386	0.322724017627265
0.2645203666175885	0.322538304597349
0.2647621676887425	0.3218385146549599
0.26378599289111887	0.32194158928393823
0.2640652963240283	0.32044581788247567
0.26279471112868824	0.32101491332332116
0.26314187594806326	0.31914836412521336
0.2615484066420467	0.31963102466972376
0.2621425702201496	0.3183696935053008
0.2608949330759008	0.31840759921003464
0.2611095074481547	0.31695074744674745
0.2599163116171296	0.31743964752874043
0.2603598973177835	0.3161734922000885
0.25905440445768	0.3161552172843477
0.2590462138564432	0.3153212527950252
0.25853656234387656	0.3146369635584837
0.2582632135351326	0.31426319177335044
0.2575878390205986	0.3137962149495682
0.2575087115221813	0.31282202817858373
0.25650508402210165	0.31241986597097515
0.25671431075007384	0.31209131396766043
0.2559132144804763	0.3110805888552821
0.25542819499455455	0.31090774780487584
0.2550686045745261	0.3100964211101275
0.2542836776585198	0.3101653701879674
0.2545583030462748	0.30887442304938434
0.2533128417964086	0.30894134250452804
0.25328542242616353	0.3076336007379099
0.2522527174127864	0.30813636609720974
0.2528151572840618	0.30627988672393974
0.25114017652078846	0.3067950066068369
0.25229752834314206	0.3056441664850654
0.25039203424673456	0.30589398301792287
0.25097344585596876	0.30431385835552227
0.2495583127061244	0.3049068827743708
0.25028062769793574	0.30351722613229676
0.24852856022518008	0.3034806420554226
0.24950096969112112	0.30288633536963816
0.24786733750173484	0.3025706310177907
0.2483683014831628	0.30172367369588343
0.24722856381003347	0.301318166898588
0.24737485220279584	0.30074683974879385
0.24648375226276031	0.3001383044122685
0.24630537790699428	0.29995461797479883
0.24591375771312482	0.29895828818052667
0.24521960141880134	0.2987161509770119
0.2451644745963254	0.2981154352480458
0.24426270259229257	0.29755377189624355
0.24443358508129467	0.2967971763128675
0.24334970310576529	0.29720177740014986
0.24379815794043935	0.2956586848838704
0.24247145342043458	0.2961066091806348
0.24293523826044983	0.29474119089574397
0.2414211312103946	0.29452342467860443
0.2420571317777071	0.2933557247231692
0.24051938374442614	0.29405654269373865
0.24115484768206594	0.2925448563679493
0.2397922082611062	0.2929344844542573
0.24034667653287967	0.2917762453378685
0.2389847198691511	0.291355483669883
0.2392837999282531	0.29073449758646985
0.23858225840799444	0.2901305238293353
0.23854656010367703	0.28989328326075325
0.2376236586261308	0.2893114743594466
0.23773315878448692	0.289100673784909
0.23708175187576633	0.288065262812074
0.2362859107288398	0.2885545876692437
0.23658965865564197	0.2869412586494062
0.23549757793287318	0.2871593235528961
0.23560229311738293	0.28618959876264477
0.23464608017945363	0.28619014823529865
0.23498171072565377	0.2846961094548311
0.23336895721409845	0.2851683896489813
0.23413249637893255	0.28364316401070244
0.2327108678079839	0.2844807795670353
0.23319085551511085	0.28322846831832266
0.2314527005530894	0.2834767582338549
0.23250289356971546	0.2820639363745159
0.23084306697285134	0.2824384340719702
0.23131500368626445	0.2808282432377659
0.230690998539806	0.28125970803386663
0.23100246566423333	0.2803692632492749
0.22958392040311215	0.2798583503684943
0.22989836024586602	0.2794248789477326
0.22923835646156324	0.27934757171611363
0.2292305103059536	0.27856584116233557
0.22831344872686912	0.277580123392877
0.22781718820367197	0.27775505859604427
0.22768041713821197	0.27648234780214237
0.22713130839233914	0.2767441684170261
0.22723775639503896	0.27587334088534254
0.22614039756759907	0.27594782510008203
0.22659900939267144	0.2746497273356566
0.22525574919087304	0.2749817955855262
0.2256544400278426	0.27396327995111885
0.22464351866763	0.27380819731380635
0.2251670549270553	0.2727088221010486
0.223844809718402	0.2728689372910601
0.22405735690325426	0.2716636942241263
0.22294630316833847	0.27191946344756923
0.2231159815418599	0.2708953205040172
0.22232057541210928	0.2710626766800944
0.22250294251221636	0.2700423858997451
0.22135240976043735	0.26983779994618307
0.22141969793916014	0.26936440534455397
0.22083255588289438	0.26890726000172316
0.2205356561197915	0.26843879109574786
0.22026335668031766	0.2678127627177977
0.22019958657090566	0.2676445879239516
0.21974047525219792	0.2669776119199165
0.21883988760071285	0.26637634325182524
0.21899843681708353	0.2655095108549636
0.2183723030858569	0.2654655180637255
0.21836515592331648	0.26515878442947605
0.217445498628849	0.26504503967537385
0.21742606714385052	0.26376390938974903
0.21644593750399843	0.2641295421622929
0.217356181042113	0.2628281368207478
0.21570727676726653	0.2629657388172628
0.21634958440725738	0.26193633680680384
0.21496411507811194	0.26172121869717685
0.21527806091166543	0.26117390484977965
0.21489313741952368	0.2611337178622896
0.21440304596023307	0.2601892229067468
0.21392978430932091	0.2605268098369563
0.21344680201198135	0.2594278547164912
0.21309767733610557	0.2593251188363174
0.21276633305964862	0.25882984550163
0.2126135994417987	0.2581183749849096
0.21219285600452592	0.2578510031856399
0.21164016985194262	0.25731743297325366
0.2115000825031173	0.25658309733973705
0.21053224507144377	0.2564972487848923
0.21068686611975362	0.2563383788666549
0.21060372585922804	0.25556092969011274
0.2100142346586908	0.25549240912403415
0.2093613373044785	0.2542385373134121
0.20868715569942922	0.25445349181074367
0.2094410971891966	0.25336004744851476
0.20789722498379298	0.2538228649785988
0.20841989992117493	0.2521568148500582
0.20763284847371108	0.25243916583974135
0.20731752001303064	0.25209455384697593
0.20635176998330348	0.25164089080671304
0.20689833534744237	0.25071085534131043
0.20588290077004254	0.2506476036438472
0.20586390743686092	0.2500394977617572
0.20542912588603152	0.25002309196652844
0.20546043600221173	0.24954303015545842
0.20481114328840083	0.24868470820490962
0.20425551307424922	0.24861051733872694
0.20406847766410074	0.24839011444666917
0.2036566227351581	0.24782483435405028
0.20325097880189336	0.24719245385305944
0.20308846571054853	0.24639548068902506
0.20294335752427312	0.24620180125740226
0.20227849530637898	0.24612847422598835
0.2022682515592316	0.2454936260264342
0.20097197730362587	0.24548464886522814
0.20136445668606978	0.24468236436087323
0.20125680137245247	0.24434097456257245
0.2004193049131919	0.24371484060161303
0.19981166199652162	0.24344639360758497
0.1997370426050978	0.24292068205515951
0.19914339699852526	0.2426473095841476
0.1993226658042888	0.24175712682510592
0.19863585620055943	0.24168944221462266
0.1985066300349568	0.2411085542463885
0.19798988903531173	0.24103807222929827
0.1980286546579744	0.24019936548243623
0.19712936053559832	0.24038800413417324
0.19694793163289942	0.23967783587643213
0.1964342723598117	0.23938519343433276
0.1964435366541235	0.23847895792718787
0.19567836126125787	0.23816786953217023
0.19563805293246236	0.23775638214620554
0.19487693552019758	0.23718488390023199
0.1950521254985506	0.2372161137956822
0.19488907541661965	0.23658282093675015
0.19447572191182919	0.2361875388395805
0.19397635654359952	0.23548284578731096
0.19371452228676644	0.23534847307811047
0.19306462947154981	0.23520325158838395
0.19278022740106984	0.23479118043173278
0.19307499352565077	0.23372292001293332
0.1922259434262239	0.2338149943681545
0.192413942685921	0.23320455577769078
0.19088339342465854	0.23285767321961298
0.1915140111189521	0.23239669019292697
0.19074582333779566	0.2321447535009995
0.19102006185024392	0.2316786267810003
0.19047020051641317	0.23186406055224645
0.1902238245275448	0.23075424503563483
0.18920972590511836	0.23038151449342656
0.18913212421591627	0.23000262285267126
0.18887188862758877	0.22963509965659412
0.18920322872433515	0.22929575739643954
0.18847814519439793	0.22873155394285155
0.18795639737483077	0.2284487610067201
0.18777018511249147	0.2280202065961665
0.1872718904765852	0.22801182956899127
0.1871451606049262	0.22667808033845033
0.18654400100889548	0.22689645728962402
0.18671985727385523	0.22615181917299282
0.18583265838592275	0.2260849103257473
0.1861542075543993	0.22532643003052844
0.18530185877562477	0.225503598500598
0.18534688085761172	0.22426083580086487
0.1843932584687704	0.22462642256640358
0.18517127089224844	0.22380879916605928
0.18357981027628148	0.22404724528868813
0.18400450745116714	0.22301542466726532
0.18322532589829268	0.22275681785393636
0.18362862815715636	0.22229757766594715
0.18258552352608964	0.2225514561672051
0.18300648708808936	0.22145921937009044
0.18205708751563038	0.221775099229162
0.18227282185465263	0.22107777110354773
0.18178182487464725	0.22069628498068478
0.18145798111789885	0.21998122941624518
0.18072574700268523	0.21980829800075036
0.1810650782837269	0.21928188184282643
0.1802459464805018	0.21872884160403838
0.1800613321251847	0.2190154298919093
0.17983836582437623	0.21821221782124145
0.1789006558595476	0.2180257287508094
0.1792198621618807	0.21731530552809983
0.17877958836178906	0.2170280168324508
0.17869996412302672	0.21658264232993835
0.1777996206786964	0.2166940217557818
0.17830051593283758	0.2159947177261139
0.17718682351851603	0.2159798490675685
0.177137651959846	0.21511743907164843
0.17661273557313745	0.21519535795700404
0.1769167468592884	0.2146521065538426
0.17607647847203672	0.21421108791027071
0.17611704608787354	0.2136842683696894
0.17531708962579476	0.21338995006926434
0.17558187167541223	0.21306861869167676
0.17470943899063462	0.21250723799844523
0.1748382472543818	0.2124942601520511
0.17464789363814406	0.21190560234243233
0.1742248546574078	0.21152013446688467
0.17373570152642595	0.21064117386405212
0.1733819978484918	0.2110177489940465
0.17319102957979723	0.2100143990347659
0.17242076849843935	0.21013406382534722
0.17280891983250643	0.20953131997450483
0.17215682810304456	0.20934869671629036
0.17238516709738358	0.20853890549373055
0.17153713072402693	0.20857561517708517
0.17158791819040503	0.20775558680571787
0.17068197618998202	0.20793622438148665
0.1708083540048194	0.20760894810493874
0.17026410375252904	0.20703784161061076
0.17046344977550323	0.2067727866039561
0.16989953156064336	0.20642814862603098
0.16953882569681428	0.20585917121978922
0.1691712151312337	0.2055814117553024
0.16933188990818637	0.20514571778249563
0.1683505123099362	0.20520234241391486
0.168193718099362	0.2052116232035032
0.16823071742753015	0.204187918067013
0.167634511654761	0.20435477208926012
0.16775823252368116	0.2034759750193599
0.16714765419227884	0.20335556536231889
0.16720251154399896	0.20242637184090184
0.16642112400704756	0.20271575557604496
0.16661037983133153	0.20203126750675868
0.16589935624031002	0.20226762799631048
0.16624101329148952	0.2011559904976566
0.16498455865364295	0.20136416728254541
0.16524521923153765	0.20034583050814359
0.16443882899034093	0.20058714968871505
0.1648974767367423	0.1995901413214588
0.1640467466904585	0.1999484414137202
0.16442855294421946	0.19946374449809398
0.16322819087812293	0.19898817122664908
0.16388649878850461	0.19859284392921983
0.16321197098684156	0.19862460434318382
0.16344895603029497	0.19782018892818384
0.1626410471260318	0.1976934487959581
0.16231913369339812	0.19732249885577569
0.1618491727650593	0.19699451160411138
0.16177803686718065	0.1965677008982391
0.16177808406374827	0.1963217246309951
0.16121814078380703	0.19590686374179772
0.1609952428123298	0.19552892893948481
0.16065976017986008	0.19532126283283882
0.16017581066189732	0.19452124667972423
0.16001864865018178	0.19475292855214188
0.15956608254728222	0.1938981705463831
0.15967440510521444	0.19396599353622965
0.15952787131348284	0.193075661707752
0.15910097098534962	0.19343565430714074
0.159002000742244	0.1927200706651368
0.15821053817739583	0.19248947320952847
0.15846184900010382	0.1919683998913764
0.15797885415282797	0.1916490554217122
0.15768269989096292	0.1915381727093168
0.15698667905893704	0.19105979319082647
0.15721125384948212	0.19068583186013366
0.15654468211636258	0.1906942219889166
0.15693313490223587	0.18972017769470917
0.15626172253902565	0.1896256796573005
0.15569916291585498	0.18935183954178886
0.1559651142842085	0.1891611345367833
0.15586759068999745	0.1887925995108209
0.15533013992338188	0.18866167035737896
0.15524801089363702	0.18810396152886927
0.15478813652829473	0.1877479281478287
0.15444569386352192	0.18766575357324106
0.15421294534706534	0.18719644941254404
0.15416948738014058	0.18679199774042785
0.1534516688855488	0.18646752315183768
0.15284111480101817	0.18633500862578825
0.15323121646513732	0.18566923675657498
0.15264365938102475	0.18550652667270656
0.15269058199901303	0.18490063048351618
0.152128108046456	0.1847601512943405
0.15208893941967772	0.18449583149646964
0.1518502740819381	0.18418626911282204
0.15151655348356538	0.18418314103228933
0.15132451103363945	0.18391719800987177
0.15103576520273782	0.1832637157980526
0.15046897792251793	0.18297485999390053
0.1506107499493756	0.18246980657686668
0.15026997929692457	0.18237952993573522
0.14967107977714963	0.18193008225994725
0.14940732146112395	0.18146016073533833
0.14937467434770219	0.18125705943946602
0.1492882556497608	0.18105292120976704
0.14883320128720695	0.18053599211964083
0.14885231343644711	0.17982470040578055
0.14868794526599824	0.18051938916453253
0.14783462286374763	0.17955777604398357
0.14769834576685129	0.17966884128342062
0.14826203487030096	0.17899519284174725
0.146805713603558	0.1788325661372862
0.14713299956415593	0.17844422970605647
0.14669847520146748	0.17848926843308405
0.14652196361619443	0.17762121011059936
0.14602891110529717	0.1778387786701038
0.14637452762821487	0.17735776343644247
0.14554433569898742	0.1765879104286659
0.14563815393658566	0.17676026961143101
0.145216532515422	0.1762534552526988
0.1453382104132217	0.17578686276258948
0.14472922340826683	0.17580612465801523
0.1444064941965912	0.17551277637538054
0.14461463793480198	0.17505781562760994
0.14435981167253512	0.17498324305783994
0.14373960864706017	0.17453325462696204
0.14361361359124775	0.17379501975918046
0.14337877997458273	0.17411362656624724
0.14287674024789596	0.1732760888976983
0.14307033163044391	0.17315825427149809
0.14250228574852553	0.1732544115677713
0.1424266109225677	0.17230698410406992
0.14185740679734907	0.17261342066884222
0.14212662453514852	0.17217835052418207
0.14153733628579568	0.17193915656686326
0.1414887844034889	0.17101292476272006
0.14055421607440902	0.1711895267856578
0.1408437132585482	0.1709324306768932
0.1405632396240355	0.17095045900280031
0.14062351534001802	0.17066824100069108
0.14014228830544123	0.1697606659733102
0.13995539732381174	0.16945443536410282
0.13966485511823615	0.1690559317940876
0.13929368613383963	0.16915881535242713
0.13924840147497564	0.16849152184171898
0.13873135475609788	0.16887304763003488
0.1387389056511619	0.16832349746994568
0.13827214336922852	0.16813226609821344
0.13822842464057475	0.16762941694634684
0.13779744167655747	0.1673280494657798
0.13776234514217606	0.16690747690891308
0.1370319317665953	0.167047684298332
0.13710436136121787	0.16638389719040184
0.13693638415420245	0.1666093985751407
0.13704580699622942	0.1659034996683424
0.13621468181983848	0.1660928600824266
0.13607816547089016	0.16530544910188022
0.13586654881695254	0.1652456502100698
0.13553013704843644	0.16456836135679037
0.13539541181310927	0.16453144221120117
0.13529044459601045	0.1637942721961354
0.13493621203047865	0.16376841600833392
0.13478921015298692	0.16331338220911895
0.13466846498968515	0.16318063969652347
0.13457626208304638	0.1631556280443479
0.13415198028837214	0.1627315922778486
0.13371315514632193	0.16232823679698394
0.1338233868661346	0.16188216172144237
0.133420907882417	0.16199959574216063
0.13340612181036904	0.1619822900468838
0.13302677862150344	0.1614443448075923
0.13282123466838489	0.1610492967370771
0.1326076709026431	0.16091041885107144
0.13239308055214072	0.16060311527111
0.13184444273709106	0.1601875585905544
0.13154286065415702	0.1600567491972576
0.13120277018398718	0.15983776952891154
0.13115783391832525	0.1590175404596243
0.1310633511554972	0.15898982120286867
0.13109763228839025	0.15863869718010462
0.13062556413757367	0.15903562024314533
0.13039756583638756	0.15829752311707135
0.13002151948826926	0.15783292827183407
0.12985111887853168	0.1577881765234243
0.12999062833618596	0.1571383755221804
0.12969521099157982	0.15682183798166913
0.1295863330904653	0.1567245825469472
0.12917436542379038	0.15651997014785768
0.12900181569295838	0.1562673409369752
0.12859736032979266	0.15623421348485106
0.12832868787287757	0.15546906015340917
0.12825368279296434	0.1556017474903426
0.12801602989697514	0.15497049234351506
0.12732292596179023	0.15514046321202463
0.1278045088527183	0.15498865669293013
0.1270047345918392	0.1544991703305918
0.1274223056201972	0.1540131483653391
0.12700439726974724	0.1538483005030497
0.12683667810746663	0.15372947365674539
0.12629725138542985	0.15345737922070493
0.1263063039023939	0.15306181885947395
0.12594941503478152	0.15265430958170495
0.12583129236249077	0.15268476578545484
0.12553655654941123	0.15249295261961557
0.12516032471515331	0.15236237537686967
0.12469198109179983	0.15173942812763125
0.12484055214481529	0.15129000583340482
0.1247089650996195	0.1510309604348976
0.12426780211177664	0.15091998789315336
0.12428426121436226	0.15099268001416163
0.12401247129235628	0.15026996830106884
0.12401742439490585	0.15052323077690144
0.12353522769769948	0.14981422109927162
0.12332869006757453	0.1497131449706008
0.12287625583622365	0.14949342683142466
0.12304196217980048	0.14875598106657884
0.1225578674468202	0.14882724820523488
0.12242416041863323	0.1485335168092314
0.12202604375945644	0.14886266177387658
0.12198966938919048	0.14795224586693276
0.12160611600129688	0.14767414787462219
0.12166421262936301	0.1473708869298694
0.12098297859380677	0.14760128672211814
0.12138154438961689	0.1472057840552754
0.12068926009368014	0.1469190777763686
0.12095251310916956	0.14651733505217196
0.12031116234221507	0.1465771044505963
0.12066567876557588	0.14612927429594227
0.12032058504752609	0.14565238104343803
0.12021990896011756	0.1452206885199825
0.11968336387426384	0.1452528687306606
0.11933756475449078	0.14482652473599208
0.11935923110696955	0.14459653389955007
0.11926763102681848	0.14460076973889402
0.11890238391382556	0.14456594989509625
0.11912333405181845	0.14405428719172736
0.11835682720391798	0.14369061788254706
0.11814521178454523	0.14349756265867086
0.1181279298770134	0.14328817365079055
0.11760988972853288	0.1430937259958818
0.11756008173522843	0.14291247102370358
0.11746074962194246	0.1425566726234584
0.11738736722504713	0.1424232491619477
0.11663117691302088	0.14194909715704754
0.11670077584836347	0.1418591869378145
0.1163493490009865	0.14176487156198164
0.11696577702473503	0.14156960014067618
0.11602753843980143	0.14110960409427978
0.1160314607608156	0.14080007072798298
0.11598676793207036	0.14048816885430132
0.11550525291879982	0.14022078496298243
0.11552418781493977	0.13990649251599138
0.11514638501541063	0.1398817450845964
0.1148143300416709	0.13945702690434783
0.11458561609382172	0.1394865480477527
0.11469203959723412	0.1394295342853982
0.11449177640838623	0.13888618142984877
0.11379891325294188	0.1386408470719205
0.11401752321735467	0.1383885254057383
0.11394992810531027	0.13821143041962097
0.11373845394032439	0.13813866762250296
0.11341779889952805	0.13789568198666047
0.11319719270378596	0.13775657889406082
0.11287100655692588	0.13717062969930524
0.11309412762438392	0.136762030044955
0.11265996876735788	0.13635653509486428
0.11250194256601134	0.13654585465173474
0.11253602225383172	0.1362980377951725
0.11183387808767728	0.13556553435693097
0.1116792366246008	0.13612819029282835
0.11161092491822813	0.13537915705393105
0.11149751935417672	0.13515926486918647
0.11136344643194243	0.13509747485501755
0.11105925392815455	0.13469372387070844
0.11063950630456049	0.13471355238788357
0.11073976899260478	0.13407540423636644
0.11064697906104964	0.13405455577441747
0.11017076495503139	0.13394605389247924
0.11030722096922169	0.1339047507298747
0.10980475564168551	0.13336713508999848
0.10996020167938725	0.13328944650721197
0.1094367817829069	0.13310525595290915
0.10918003841029926	0.13245753290089876
0.10925071991193248	0.13247894862036969
0.10913422566737387	0.13224048371410388
0.10898024074385082	0.13199227665964675
0.10848542927841993	0.13173159337772292
0.108187898112164	0.1315743289845535
0.10860739152603187	0.13108128659549323
0.10780775576416651	0.13095048881404875
0.10799801686674083	0.130569275695242
0.10740195500580063	0.13052488639672016
0.10755347617487486	0.130360124425239
0.10735900310313802	0.13042681542261775
0.10724851024000387	0.12996768883493495
0.10691012925016873	0.1295036975519897
0.10666056617761732	0.129329977220073
0.10632713913133178	0.12910751572446258
0.10657786724114089	0.1287624691221898
0.10608409407926646	0.1287561768648106
0.10648921047962567	0.12865183312967143
0.1057720684230834	0.12807190603847168
0.10569115642108036	0.12797307600165594
0.10555529348626415	0.1277002093925942
0.10554691655399863	0.12812809458067048
0.10518872794765506	0.12745953722320064
0.10487673768694153	0.12721340825931068
0.10456270268664526	0.12723987456751276
0.10491904614718556	0.12664344838936697
0.10445092980636109	0.12626901806650323
0.10402264878822068	0.1261834048036283
0.10391354099727271	0.12585940323679537
0.1036026043870852	0.12596198611692988
0.1039913328170671	0.12572217971641464
0.10337041991001286	0.12577882905336005
0.10337844402447136	0.12503336523515618
0.10324752626158008	0.12523201684649665
0.10281942242155516	0.1247743840757654
0.10234645046969405	0.12450059357538218
0.10237135741740826	0.12420672065275433
0.10219237139165153	0.12402952232478733
0.10206684714441777	0.12425065480235846
0.10180559320480362	0.12384149259745428
0.1018300607663459	0.12321423942260726
0.10195927832535553	0.12340253592555858
0.1015009962591987	0.12300956010198658
0.10140900059977004	0.1230987894630087
0.10080828387775395	0.12257877584248306
0.10114560475437523	0.12239816196737863
0.10094742280867272	0.12206609210872921
0.10078537983913594	0.12200913394237466
0.10026061358999137	0.12190257511364264
0.10013903143073856	0.12125389915643026
0.10000833130134401	0.12124258003604947
0.09979677461120319	0.1209743696334539
0.10003002638270624	0.12086460432120025
0.09981342550988213	0.12039137100635287
0.09929515158897653	0.12074132632267404
0.09899666497604515	0.12007105629249103
0.09897945949208295	0.12040573543781992
0.09860229912084549	0.11990877605885245
0.09883405966039818	0.1196680564803284
0.09850343407409601	0.1196503520041733
0.09828141977450149	0.11898808707351069
0.09825272548177356	0.11879606483164676
0.09819714406957507	0.118813120634368
0.09779903437926346	0.1187056819408461
0.0974266279457403	0.11834249176778783
0.09714033651975185	0.11839620251544214
0.0972323419833707	0.1180116961143012
0.09693552835083691	0.11773744516078977
0.09738138751886043	0.11743954595010672
0.09706312290750202	0.11737156798105317
0.09657606644287192	0.11741958211262192
0.0960554882235243	0.11705802942266691
0.09625171545643238	0.11670144409569337
0.09622417757255636	0.11667853620759547
0.09597933406851684	0.11630563301405063
0.09558033003710548	0.11622489392977249
0.09575608487127314	0.1161621784594951
0.09568843528207133	0.11560978765845531
0.09549242731078117	0.11531237199859827
0.09528156143251977	0.11527827270622892
0.09507892287408583	0.11515220011178137
0.09444504449253206	0.11510718918178531
0.0944857334531055	0.11485450984780252
0.0942809135654602	0.11461678573385359
0.09394792718452519	0.11417363352314541
0.09417153802186688	0.11416615950998446
0.09424315697589203	0.11366225640498452
0.09394901833157211	0.11350540930960629
0.09365235703460618	0.11367679782609035
0.09359211943210897	0.11356014877685969
0.09343235959116768	0.11302283592970128
0.09284506822964794	0.1127165226373917
0.09297211331688458	0.11273573945774015
0.09302569680842022	0.11245233436461932
0.09229776178293173	0.11239966194727974
0.0926289487235734	0.1123467901415798
0.09222718429365587	0.11197872186625037
0.0923984761976499	0.11164618941129463
0.09195149883486269	0.11153781919198277
0.09185767640858195	0.11101613567247973
0.09154871918552143	0.11140215571256269
0.09189428435521169	0.11105985589276365
0.0912711724031208	0.11075391266503115
0.09124947823469644	0.11071680861901566
0.09093182149468582	0.11025996031338398
0.09108028533025436	0.110416995843559
0.09090107536308523	0.11009370803628594
0.09044796338996353	0.10994700260671156
0.09056191371740191	0.10985409118691267
0.09053312051439337	0.10955626311689011
0.09018416682838432	0.108991691902531
0.08987793623151796	0.10916057318768553
0.08988719703698822	0.10914214476427553
0.08954544929159906	0.10888164946549007
0.08962815520059042	0.10855594336600778
0.08914535577795843	0.10844469538810898
0.08974703294069132	0.10795612938627418
0.08904455364591549	0.10838159686163762
0.08912198497933235	0.10732091666143229
0.08886241323302978	0.10774213336405652
0.0886713646117704	0.10736095248923129
0.08852870324355692	0.10720958310595904
0.08850279842104208	0.10702631997805134
0.08789292979685535	0.10658431076772622
0.08801535944742453	0.1065239383605919
0.08771413467709166	0.10695812338464109
0.08770738205112757	0.10618182014186839
0.08736755969316265	0.10602586992739951
0.08731223001668247	0.10604057364466613
0.087379893384774	0.10586589847544109
0.08706217602592742	0.10556979889061419
0.08679107390424212	0.10555163729973652
0.08640196348940452	0.1052916453950263
0.08670733071674201	0.10494519017728865
0.08643225308638292	0.10494436756077483
0.08640886663893473	0.10472038316467089
0.08625118286355588	0.10450393462217034
0.08627160803155544	0.10409194429156922
0.08619305631889669	0.10368944810346245
0.08586757340614724	0.10370392461616049
0.0855255730888684	0.10382786833154281
0.08545004067211186	0.10360563657664747
0.08510759020923767	0.10329541251539091
0.08516751092007674	0.10342617505024786
0.08512193548112093	0.10317548554579511
0.08469247831339556	0.10237185069093067
0.08452361811491357	0.1028697123619025
0.08481542541492902	0.10229857355657361
0.08420963556998164	0.10207087101668615
0.08415158528388615	0.10243247314376258
0.08408467093394743	0.10201925340252711
0.08403928728236164	0.10173076386843537
0.08363415129788535	0.10127335122863365
0.08380147859417114	0.10127308100331883
0.08340510445983126	0.10078093122373184
0.08330641230884436	0.10145024362380661
0.08330342320646504	0.10069501754509744
0.08289305825083698	0.1007679648064354
0.08249965027076153	0.1003608116975014
0.08292689957615149	0.10013394522088241
0.08306779046121239	0.10010012331899962
0.08223352522433755	0.10015677820867824
0.08222345553532114	0.09951060496988401
0.08218879265440841	0.0992946580878547
0.08212837487305708	0.09944366965803664
0.08160800686937533	0.09892557417297218
0.08139502980793233	0.09935032699786916
0.08207125231544718	0.09898063725446617
0.08135009046467333	0.0987042506572533
0.08092731301999087	0.09851838960689861
0.08092925316863742	0.09834454104128981
0.08094493388271297	0.09772430529958279
0.08116968863734303	0.09809206968745321
0.08087285679447744	0.097665779819885
0.08026356008991024	0.09786651907973967
0.08070636336766855	0.09751539626568156
0.0804420265476873	0.097686075333759
0.08025101649408913	0.09699028100993452
0.07988349820484457	0.09716019605250836
0.0799350349668046	0.09696666925373666
0.08009495427082802	0.09645094469773212
0.07928155210390495	0.09642426671169013
0.07915223970413696	0.09640729897816738
0.07952050833768441	0.09626754279496372
0.07969010888095113	0.09621174104413358
0.07924415458794998	0.09581678460381718
0.0789645229875634	0.09560700483769209
0.07867823754690077	0.09542596975732019
0.07866765351825902	0.09530699363564209
0.07846936272548952	0.09478935385993073
0.07852035121563991	0.09494521264619699
0.07850950171900767	0.09459014609090477
0.07784491373874622	0.09450010986586176
0.07783707821773052	0.09491797781581766
0.07769737814468658	0.09429857696007704
0.07774307131904701	0.09397923924349301
0.07734497877655422	0.09382626228753776
0.07780222955332018	0.09382912468699199
0.07700666898215189	0.09379283271808563
0.07720409164148379	0.09329224726809007
0.07726803631739138	0.09335503717084517
0.07698479385656583	0.09304140294851097
0.07664524227452542	0.09286796487125357
0.0763501842075782	0.09311009847186234
0.07665143436680298	0.09278273298759297
0.07651975564611276	0.09284268279399457
0.07695734876404721	0.09243743140793456
0.0763708917905716	0.09206140254170678
0.07610228237711442	0.09232654542091971
0.07567341641321251	0.09214911109649734
0.07583207942653032	0.09189190907498512
0.07521102048147638	0.09141951716920628
0.07559484749213366	0.09132797691702911
0.07558917015255309	0.09135204205136542
0.07544623654360347	0.09110092644019767
0.07468290538839838	0.09116337167933047
0.0748034707721641	0.09111517676153588
0.07496246941593211	0.09061487178498585
0.07458017688004318	0.09075384180676714
0.0743025211167598	0.09037435793313962
0.07447051420555471	0.09005915937299147
0.07454969119325333	0.09021669377632782
0.07423442284925792	0.08985929588502284
0.07396858277838825	0.0896935872762768
0.07371350697203823	0.08954190721797865
0.0737586731629162	0.08945887756897149
0.07367147946181557	0.08925237918689541
0.0731041054506048	0.08895144799549026
0.07333959687796918	0.08904651742805977
0.07324706956477661	0.08868119941552781
0.07294337247533762	0.088634441562369
0.07282987177626565	0.08856113574373961
0.07256312321317977	0.08849199647773333
0.07271100354971097	0.08817949316483004
0.07260776399388431	0.08800852616510194
0.0726258810904048	0.08747021262732493
0.07234833331627614	0.08786305397722116
0.07207758963672271	0.08736358605484286
0.07240395443995344	0.08728197789907292
0.07201473012917026	0.08700778780413461
0.0720107377645609	0.08703479890690917
0.07173997575270943	0.08675480864357032
0.07187371910165827	0.0867368682351937
0.07154546672818464	0.08652506457314835
0.07170359487058005	0.08648345838100714
0.0709988069285992	0.08635629847846318
0.07122571658369574	0.08611292931188115
0.07129773846193795	0.08597206574227792
0.0705841760797672	0.08617581991085288
0.07095998653952817	0.0856557917955455
0.07078388510828713	0.08568648953676097
0.07028146429494503	0.08544898636739523
0.07034971168641438	0.08493217147803708
0.06999921469609661	0.08496289579198359
0.07010242941752332	0.08520502363536436
0.07027142579213577	0.08476844016514822
0.07005272696474822	0.0845824920494987
0.06954140031232738	0.08500982045991665
0.06991100735814508	0.0843419466332618
0.06932200483203764	0.08425305027505338
0.0693986304265973	0.08425284559375301
0.06918036525017303	0.08349540585024462
0.06925673723953804	0.08400261211918052
0.06924860548236138	0.08384158725889831
0.06877950920464018	0.08330859629909163
0.06915819088000401	0.08301736008534356
0.06878618904821061	0.083220701080578
0.0687015493755617	0.08308806716229986
0.06855229753525054	0.08284763806516424
0.06831136233541003	0.08295759058183766
0.06801993514343595	0.0826491190032333
0.06843486598246636	0.08227888783719432
0.06789331671940413	0.08213315745209394
0.06798609171507411	0.08215094751612562
0.0677912202400923	0.08196935089337168
0.06774828913307841	0.082124407194386
0.06787937385737192	0.08162872433475021
0.06752135248740837	0.08192709468262738
0.06748311779403524	0.08155895542979347
0.0672322983439188	0.08133159250466966
0.06706252702858724	0.08143624606241179
0.06685844495825553	0.0811338428123245
0.0664437231868892	0.08094623025211806
0.06659585934937481	0.0805770285346048
0.06672774804336475	0.0807463285526924
0.0666580102122496	0.0805954594388748
0.0665737911729945	0.08081330229258002
0.06653759330998169	0.08040287327368731
0.06630358225497368	0.08014986315431882
0.06578847681271838	0.07998879793585977
0.06593961336173931	0.07992496113759666
0.06602093691223512	0.0794525402921687
0.06560777722740269	0.0793718050105909
0.06572831951003355	0.07927424954895354
0.06551291973777484	0.07935107397377772
0.06508880516863991	0.07932107883244467
0.06511615753113222	0.07884747561402151
0.06480043807884966	0.07908765346682967
0.06492013735302324	0.07853734025945507
0.0644965745382872	0.07830355635683106
0.06463210552341428	0.07812779334031568
0.06482027747538065	0.0783864270308745
0.06472457475852311	0.07819189051768297
0.06463384840611616	0.07825627865286394
0.06453374631938613	0.07776915139173103
0.0640433820240336	0.07801012056674551
0.06404199994922072	0.07789925425041468
0.06427661228413316	0.07735669699139988
0.0639019530133253	0.0776011115330875
0.06394297121537246	0.07679534517086489
0.06362231168480123	0.07724573919557379
0.06379021985278605	0.07696747515568717
0.06330098684332015	0.0770479421440713
0.06355371659072848	0.07691111878279613
0.06297615421604885	0.07617580590604665
0.06310927662491721	0.07632934873877079
0.06262189859359367	0.07628784243211634
0.0632170878367477	0.07620087082389214
0.06265206205139985	0.07622124549076681
0.06258629118380832	0.07584527126506618
0.06273046813873533	0.07594674802048121
0.06222185156047359	0.07547629848862537
0.06253724410693133	0.07518933024838725
0.06202164507525329	0.07531900829408691
0.06178131235992375	0.0755602594475203
0.062018230633418575	0.07500276389977699
0.06194138180755081	0.0748447612485349
0.061857036331601	0.07491529662712244
0.06132639172670429	0.07479808393037057
0.06203607153642674	0.0745311474890282
0.061448083705954046	0.07413382798921556
0.06133344724480863	0.07433646964349128
0.06151122590853926	0.0738732274109767
0.06092780802262639	0.07382312535108537
0.061072224356823385	0.07393329720876052
0.06078503929127775	0.07369825695479187
0.06097794836957932	0.07390579548905862
0.06062934293429438	0.0737363997079105
0.06045292327988043	0.0736455566471764
0.060350919441303344	0.07310029916954773
0.06048417703605472	0.07332650629567661
0.059986135916791375	0.07288276013962885
0.06024149113826562	0.07288880476810472
0.06014484397929357	0.0726006431570806
0.06001540761737062	0.07250724454064633
0.059838053633960345	0.07237484221967865
0.06015004234536647	0.072298355794611
0.05972911949630341	0.07203465919642459
0.0597813779651674	0.07179693611609732
0.05946337462335726	0.07205572102688244
0.05931812582427487	0.07182277107546153
0.059518183739629284	0.07147505954113968
0.059370220169308256	0.07165713133029704
0.058986025133987124	0.07150812157093574
0.058714920199158874	0.07093635395275232
0.059004303582583885	0.07128884047342263
0.058670629995587587	0.07111164956472063
0.05835930875013235	0.07108348251858385
0.05829570336681676	0.07087050918277783
0.0585742237699676	0.07097847931359863
0.0583382319595166	0.0709182128626362
0.05847104616930988	0.07049182719342029
0.0580715837429144	0.07059925724376444
0.0583071821405312	0.07050969492470974
0.05788719874977464	0.07033013244941712
0.05791120617674063	0.07031107188668011
0.05751919451200496	0.07009218839943288
0.05762377121943195	0.06976312100855044
0.057865631007933974	0.07012136980537155
0.05760540724307198	0.06976425882450937
0.05734542416843901	0.0694050770562975
0.05753792884111601	0.06914812871078464
0.057194885084590065	0.06915634285797624
0.05679918789052942	0.06885210258336413
0.0568065004843491	0.06881953976953684
0.056807262656575624	0.06892229722864109
0.05685251042906188	0.06830497531002501
0.056739337147227197	0.06863866401710227
0.05635060379880305	0.06847529280754866
0.056366373463755795	0.06839181751886042
0.05599969658393117	0.06804757912090575
0.056131855329196026	0.06849845262356373
0.05643196593253277	0.06767630978610899
0.05596243367583923	0.06782360922280693
0.05580766958752595	0.06763805003161609
0.05580805432250653	0.0675996582159825
0.056064826397176686	0.06734290297571414
0.055872637424032284	0.06711914277647629
0.05545494884584119	0.0669318181448443
0.055536881143293026	0.06730206244495332
0.05543649350635331	0.06719393573661736
0.05520859332610002	0.06687896927846362
0.054918167964860286	0.06679473802231373
0.055184694321556864	0.06673847053233573
0.05508331506037197	0.06637674690870306
0.05482156800623317	0.06646479758767136
0.054616883283401356	0.06607403575423981
0.05480143475871742	0.06644672537984458
0.05438944440140589	0.06608612764591602
0.05432717583125084	0.06593337116517609
0.054585066482049714	0.06583271852212391
0.05476394039321347	0.06547399148056152
0.05405287625016769	0.06566742615783534
0.05405912535425968	0.06567806574085439
0.05397673401736749	0.06548659611516444
0.053805921820214375	0.06532510133871616
0.0540717853773848	0.06522666624476496
0.053831630261939566	0.06498207183384244
0.05370966251176772	0.0650778845964666
0.05394264027051442	0.06508355888155663
0.053426264490095965	0.0650958019332518
0.053706837258120775	0.06441962158968795
0.05340537779870459	0.06473162687766268
0.05315041957917392	0.06440579272406506
0.05291063650272721	0.06431131590410126
0.05296443941951274	0.06438482410567065
0.05298466392205216	0.06440704541983602
0.0530467683474517	0.06418357880763907
0.052779109504691495	0.06387187029995978
0.05227731025294738	0.06354950697917891
0.05231876027202136	0.06386690738526007
0.052347176177063644	0.06338411884382597
0.05231294809637871	0.06335197771400403
0.052389376140832444	0.06348637414319994
0.0519158910523409	0.06294368286611246
0.05187585435369033	0.06316200782928695
0.05201029478812188	0.0632552157928169
0.05211202499864081	0.06308777318349272
0.051466458195652924	0.06294526430152599
0.05161884734930787	0.0629695893936325
0.05190069608588877	0.06283595794510408
0.051250230439742	0.06230752051778367
0.05172159605675364	0.06234606913276158
0.05124651371060597	0.061964829407084525
0.05105642685253717	0.06206283843127355
0.051383949815464056	0.06227605857137298
0.0509208313535644	0.06209119016458357
0.051291133011829027	0.06193450767202345
0.051346286791389584	0.06177881062847082
0.05089683133895813	0.061346405222343206
0.05068772889942932	0.06156928257364294
0.05081468104918513	0.061163476075775755
0.050401065653520025	0.061341502330884874
0.05063604250043349	0.061091637649508125
0.05033027587761324	0.06090363691532807
0.05041454566290945	0.060851965024534105
0.05005873486297996	0.06099351916666387
0.050145416278073174	0.060598288744055484
0.049798204778693796	0.06074513998688434
0.05032065537578462	0.060854636823360314
0.049836039122422286	0.06036415684415092
0.049926115977410215	0.06012919636871332
0.049817922482481666	0.060188867208573346
0.04961482501715802	0.060057691261545997
0.04951779739862529	0.05964972534748672
0.04909169400663625	0.0598828530340495
0.049208851771426	0.059851196686827236
0.049362427056930586	0.05943257822071575
0.0491872135648443	0.05939116900466446
0.04873507580482245	0.05946202852029673
0.0490558491880947	0.059600622735014305
0.049100838582892437	0.05949835327676329
0.0488325732028011	0.05894393777327661
0.04872104691276845	0.058985882047856035
0.048711661287648214	0.05887021239943063
0.0484550240966582	0.058663947705505065
0.04836752040481289	0.058475915567509966
0.04816543983561144	0.05895642096456667
0.048723180901291255	0.058306044108382846
0.04834391080050514	0.058482841888192395
0.04852514359932181	0.058294156033876776
0.04815415914009076	0.05847562405349021
0.04851051991081114	0.057937144902247856
0.047605348188198615	0.05806765022436848
0.04776687407940173	0.05794120737094323
0.047836993292686016	0.05800569290462522
0.048028413207742635	0.057752431065209726
0.04767595704771037	0.05780897269110637
0.04716751440719936	0.057513822812925726
0.04719989120651317	0.05727661962924713
0.047067128983508066	0.057349099054801074
0.0469832070240404	0.05731013960906893
0.04688147551907064	0.05716030261770704
0.04681851397324385	0.056768475636051446
0.04716949567768941	0.05696467272093106
0.04705868791151211	0.05663371457026608
0.046805645120921696	0.05678196444355908
0.04688976077526601	0.056905685357271966
0.04643084464447626	0.05638715567673839
0.046496170401213004	0.05678748375463438
0.04655829499192773	0.05628736586340983
0.046106264167608324	0.05599818474920074
0.04662400106144091	0.056250578991175824
0.04602557221015703	0.05603044962231655
0.04612997265222023	0.05580349642693321
0.04584819464207194	0.05576401537845336
0.04582898976662474	0.05605830714765971
0.04618008775249778	0.05552871777788913
0.04612678847890949	0.05547822218431992
0.04580913523051143	0.05567299543330123
0.045755666667190185	0.05533833347465543
0.0455053887159515	0.054943175715458245
0.04517951516076889	0.055125342147468274
0.045528058206432215	0.05498087656124422
0.04533178398243455	0.05487447636015798
0.04558537841625129	0.05482639998671852
0.04492189262819598	0.05442879878352424
0.04512497543287847	0.05450067285025775
0.04493782520668903	0.054410516026734974
0.045193392611021246	0.05444617186375842
0.044706726627733215	0.05431136177956537
0.04458733989606203	0.054565725932401554
0.04474471599914795	0.05419728483606508
0.04459835081857508	0.053595338415548054
0.04425224269462913	0.054242171616196856
0.04452873443002222	0.05357148116828883
0.044547668923715984	0.05395011111505562
0.04434375994888923	0.05369655276250652
0.04446115855759768	0.05351675111971869
0.04451996226624184	0.05339266148836574
0.044224796257858835	0.05367608038626539
0.044065671194426365	0.05348493490128399
0.04398422748378267	0.053347677438628525
0.04374668687975756	0.053260489472264444
0.04393421965641936	0.053028580131685446
0.043851137595233916	0.05303900762208361
0.04352330756799818	0.05288074569911019
0.04381836350707276	0.052918905426007926
0.0434830789532663	0.05237150579098636
0.043600845217573105	0.05248078679699773
0.04323802229668973	0.052305887687118434
0.04349343387125462	0.052338819814282664
0.04302825464539288	0.05236232621467508
0.04326007700270425	0.05228821749396122
0.04323100065466692	0.05235927785916722
0.04284470523127247	0.0521779042829261
0.042897456549048	0.051914801936594625
0.042828743207433344	0.052283272222655726
0.042907035780537804	0.05163347624504153
0.04240135306198685	0.05145517773209628
0.04321241198352359	0.05147068478163974
0.04257807972686512	0.05185413460183374
0.04256731136431926	0.051244821630853254
0.04237594832051329	0.051082588311975825
0.042348181427502955	0.05120366857238746
0.04255794925598695	0.051419388300330174
0.042142111300809804	0.05131440568097993
0.041784922283556014	0.050868457096235
0.041949351298475906	0.05062778495524989
0.04177503501076397	0.05045096325643853
0.04193252506823554	0.0508242279536544
0.041597788680242914	0.05062865258131898
0.04195835921042223	0.05064003327807341
0.04138568833458821	0.05044547638111012
0.0413470146646151	0.050173445046117274
0.04146364596569554	0.050531651470606585
0.041544437949657266	0.0501555177761084
0.04132112797824424	0.05008272989975612
0.041259020561753026	0.05012690623011265
0.04086940152344507	0.049852213046835556
0.041104610192940226	0.0498938067812376
0.04077331304411461	0.04957135232676885
0.04129404943813646	0.0493233302863266
0.041103752892296404	0.04933535205437313
0.04066716633185959	0.049088061707730286
0.04063571183247373	0.0493941046443427
0.04080002123563867	0.04945974202582313
0.04072380121183316	0.04933044534270686
0.040399491033288916	0.04919293740508707
0.0406108892829743	0.048963521156842056
0.04053775338238101	0.04907098208501401
0.040173490561843606	0.049023313876954425
0.04045015298201117	0.048704222922245605
0.04027601512071073	0.04878613720956602
0.04017902578261238	0.04878503557624202
0.040052344888172185	0.048701723209949394
0.04005619748030646	0.04859906331973905
0.04021718711759825	0.04809390368696869
0.03976784223490119	0.048082898595818296
0.04003123334952727	0.04805019354397838
0.039675001650701106	0.04825345846737568
0.039779110745054726	0.048208530152463076
0.03948399402117793	0.04801576648205457
0.0397516186926971	0.047927842718462815
0.03946962930445973	0.047882076929071676
0.03973463709719756	0.04776630134501891
0.03926007171663359	0.04776422273997313
0.03937504555519941	0.04756049264629516
0.039408751211802366	0.04765672832863712
0.03915673321296159	0.047461498391758464
0.038923066120205824	0.04746390076518868
0.03899080130760971	0.04714448060880522
0.039345650645752746	0.04687327473042165
0.03922705697889706	0.04715634070293939
0.038996114199427966	0.046827393509647895
0.039130542249792205	0.0471210599599743
0.038860374982131525	0.046939833440495266
0.03869743350362944	0.046671494177998034
0.03862168706193038	0.04718017025817696
0.038385160057484595	0.046764264153672935
0.038213652023249306	0.04633366537378584
0.038467254207805515	0.046394790366826984
0.03783329976991871	0.046219377039919324
0.0381519495802268	0.046299216001453654
0.038128157925766286	0.045934512409600635
0.03806574032388452	0.04620515319542613
0.03837987998907326	0.04573500148192583
0.03800487857208895	0.04621509172382467
0.03791775465049384	0.04603518485749008
0.03779693381677547	0.045963951298401556
0.03768566502230729	0.04567154803022333
0.03756788691515552	0.045475245013612144
0.03794361344356146	0.04557545303178259
0.03792291821865084	0.04531776029963245
0.037346640206917955	0.04514704211884364
0.037584586861295455	0.04540886894501121
0.037254158497301605	0.04510829350568182
0.03719206604307987	0.0450199789637288
0.037194303275113874	0.04516810750545214
0.037310573708763714	0.04519065235579317
0.037057535573750786	0.04475513843639515
0.036569922556438934	0.04459296158712917
0.03691698322308555	0.04476691063192712
0.036913066918787554	0.044727312828154585
0.03686523659079158	0.04501353398323008
0.03676018789943353	0.044145604767750556
0.03685582857066425	0.044330417912153586
0.0368098101337902	0.04408848155182317
0.03667987712497647	0.04409032093230603
0.03628675913469999	0.0443774707814642
0.03683935224794319	0.044119953552686296
0.03652688516686157	0.04428173527411709
0.036504193140620464	0.04390874577490204
0.03609453838449429	0.04363656076494834
0.03580638599250092	0.043714677067666186
0.036234654772672126	0.043676972558229825
0.03617482562033988	0.04351547622120828
0.03585174289665768	0.04394089335868106
0.035653629591437114	0.04358165998556958
0.03589903137900895	0.0433369236781493
0.035918757244080605	0.043195325585650604
0.03549522168109262	0.043043883070829875
0.03564282395501842	0.04306750138685638
0.035534292540403536	0.04292940921840445
0.03546391180045511	0.04289253692103215
0.03536909306076985	0.042860198920400105
0.03535698857816653	0.0429480653233549
0.03544329017120085	0.043160548718350504
0.035246448301143624	0.042894683710240335
0.03520117152679887	0.042607363600968055
0.034979333736154104	0.042558656835901855
0.03504603570964886	0.04254167293858413
0.03498767735208925	0.04249390352900814
0.03486927349191267	0.04241405628208777
0.03485547284300324	0.04240281366488845
0.03489087987812603	0.04234882989521417
0.03475776014929113	0.04220319620586879
0.03485072129989178	0.042269208517330015
0.03467903845744878	0.042064270421970126
0.034912530940146416	0.041826485158144494
0.034430995716066316	0.04156015694111451
0.034482000947145555	0.041814142437660275
0.034365848372223035	0.04192252961837373
0.034403964262969974	0.0414649353354255
0.03416764937169641	0.041470686178566425
0.034433538620442336	0.04128074623082568
0.03393877616287226	0.04129491085507729
0.033848570270245314	0.04136099916087549
0.03431957699174382	0.04136954512622246
0.03393248642689677	0.04138786203440347
0.033983786050147465	0.04144864072976303
0.03400678406091261	0.041018472413387595
0.034025403199425465	0.040712118262970574
0.03390929761934286	0.041124017063362224
0.03349814910447714	0.040442420521123186
0.033772017798953696	0.0408659423726369
0.03374440193847214	0.04053098273418654
0.03365996721307943	0.04066153829410939
0.03387896123240275	0.0406882852158265
0.03318413455842282	0.040761069992158054
0.03341579861002259	0.04031350101631177
0.033239939812898744	0.04031474621282776
0.03358117439544263	0.04037158407061972
0.03311536875487958	0.04023987859981587
0.03302772392983712	0.039872136688650146
0.033047260820741095	0.04021987342139301
0.03339337300339579	0.039743034018829455
0.033217703503385404	0.039682620644182695
0.03301983008768551	0.039936827918857325
0.033002327904310846	0.03991274008862296
0.0331342481205267	0.04018836149811046
0.03300820467655606	0.03991309942209882
0.03260146834748229	0.0396080640966621
0.03244523092963082	0.03956629399333124
0.03281478262086772	0.03949568650722279
0.03240702116438312	0.03943088375708961
0.032493231334381575	0.03938963698112524
0.03246682321299167	0.039056844660846385
0.03247303252845788	0.03941495124563332
0.03221393153455893	0.03904750672430979
0.03201934835964611	0.038965372117943486
0.031717539206618205	0.039061221860809174
0.03230439292676227	0.038925066212849094
0.031939971525301654	0.038927931682466416
0.03162190871877435	0.03818505184405916
0.03191526833851205	0.03926357632234468
0.03216656314647264	0.03854697797343614
0.03219453342283627	0.03854330796922174
0.03162017500733931	0.03857991951921463
0.03173117915361787	0.038402555800898505
0.03171234278098967	0.037863111282074494
0.031802268304148444	0.038152613584637375
0.03140483180924357	0.03810645692665532
0.03174509224273147	0.03835154821751524
0.03170071719100352	0.03792013246514557
0.031663361718975526	0.03802637101932379
0.031114736499010427	0.038020407349365445
0.03099112760739934	0.038104722169062404
0.03097756853244509	0.03773648048718082
0.0313277093730711	0.03761197931428274
0.0313868649788133	0.037710204490263424
0.030906987525422314	0.03801837374704454
0.03104150096194765	0.037743387146610116
0.03100250278420437	0.037598083282018975
0.030992245152578816	0.03704687592027389
0.030952723542998276	0.03767619960632055
0.03081367975276091	0.03738584803123282
0.031064810041974214	0.03723632274864426
0.030872797385776425	0.03747571574129132
0.030515354802965834	0.03694371605509047
0.030885189586199766	0.036890449332408516
0.030541318749856453	0.03705862182949279
0.030280509956443928	0.036901133380884986
0.030709558552670865	0.036627302976865735
0.03033179410691472	0.03685816972735084
0.0303222099269064	0.036698018713887365
0.03064661971189271	0.03627370355988985
0.029797575678658338	0.03649607547879688
0.029992066467243693	0.036711272658344514
0.030000445956431795	0.03647925311439988
0.030477562259615135	0.036715004075328454
0.030070947154025404	0.03619641624991342
0.030022063891480676	0.03640656962494698
0.030047150423461302	0.036187102756309056
0.02983512292744636	0.03620669791950987
0.029956054147710784	0.035866555264446966
0.030033548006313266	0.035798371174417094
0.029785946517910774	0.0361387188436767
0.02970141815518941	0.036074965499209216
0.029807415672474864	0.035837325352848795
0.029554421846480505	0.03537410261471313
0.029374970746024423	0.035939178822080954
0.029759867772894667	0.035922199892157156
0.029477890231435534	0.035544244891778036
0.02955041069555044	0.03519206643994123
0.029387598562420455	0.03567154283982872
0.029364460250053553	0.03559658789246886
0.028984114931310673	0.035460539353969006
0.029279549418494824	0.03498015599237972
0.02901156075758333	0.03517797055903085
0.029143536696563166	0.03502155344243392
0.029209004229566488	0.035359208865961764
0.02870719110473828	0.03486166063155693
0.028922677805360966	0.03498093497606908
0.029161286360141973	0.03483492895424725
0.028832410044224686	0.03512722693820889
0.0289487335141561	0.03444415811551912
0.028756855454961306	0.03459162800855643
0.028752404151336435	0.034942110978785294
0.028698594196524943	0.034605358247236324
0.028559475974474433	0.034427486620237896
0.028733442952417445	0.03445736795552826
0.028572945586507068	0.03431598906369775
0.028370318540373522	0.03396920449416982
0.02827300851859	0.03455555059238577
0.028245242886284574	0.03429582906141983
0.02824792718470972	0.034359479275387114
0.02833897829260623	0.034446257099812694
0.028426438810933093	0.03384135647754221
0.028317651594175083	0.034089981694880866
0.02812591156429667	0.03405146360860876
0.028354403602658236	0.03371216810408226
0.027740009527739664	0.03383548202285453
0.027854862354640655	0.03364001739469871
0.028178663519956387	0.033363077874149175
0.027657354338204647	0.03328170491746872
0.027887995019977824	0.033739953943403594
0.02778227342776767	0.033992990522768024
0.02748981685060884	0.033146065513565096
0.02778985705850752	0.03371544025506181
0.02768911900779101	0.03329165725184269
0.027541069241021808	0.03361871328471109
0.027608866448751764	0.03271106002953505
0.02736297841774222	0.03303425238573947
0.027254629612598863	0.033315430476538795
0.02707068884485329	0.03338688440585085
0.027349386120270595	0.03303994478194822
0.027045047429532953	0.032999226594395414
0.027016878804874005	0.03279716113808385
0.027168205590922884	0.03272988208678298
0.026846646422464673	0.032829560944871806
0.027314900783934445	0.033028972233285964
0.027252888594397996	0.03297352805379023
0.026769615079243258	0.03250699179509131
0.02700460962275858	0.03249481116881604
0.026692812744211886	0.03259524241876534
0.02688781367725973	0.03253984797696255
0.026561933834290403	0.03266643747972839
0.02676782507129182	0.032399971477643626
0.0266182791146792	0.032002140643137375
0.02685251042058871	0.032306449740578995
0.02639530812723147	0.03232853269338397
0.02642570592611689	0.03210586025786907
0.02645068569283452	0.032052890792333776
0.026421961075760628	0.0319773875448404
0.02651343944105048	0.03189019022533805
0.026086249434969865	0.032007701379882174
0.02638537998093714	0.031558877069316205
0.026246726123782968	0.03195280578821873
0.02638669063620797	0.032006936416126966
0.026211548208833084	0.03147813210184318
0.026263314925079752	0.0314581128478576
0.025754844435947673	0.031647109561031936
0.026038607420229475	0.03133240258607972
0.02598926101696922	0.03161358281201094
0.025998307148798493	0.031190480048181278
0.025980089994532003	0.03147028201106372
0.025938913338845057	0.031894064453449424
0.025655427134259057	0.03141313749013064
0.025803721874374633	0.031091884776671876
0.025396115154313018	0.031233813789510047
0.02572137955874983	0.03138074409678258
0.02567439160770772	0.031158382441520062
0.02552171613906867	0.031047269049884148
0.025723346240481726	0.031162509868325857
0.025413353258576823	0.030926400491830163
0.025380947181160067	0.030898336873300965
0.025397703178931523	0.031072824754619515
0.02541163215331266	0.030751687055064172
0.025677781292859976	0.03055700407986471
0.02514453170186493	0.03039601469939305
0.02507790785333745	0.031002020537089246
0.025396862046663107	0.03050513687430023
0.02508084342513327	0.030690200320167893
0.025143832278936056	0.030371835683076005
0.02488494351593839	0.030571619318660728
0.02478433689624315	0.030395512379829556
0.02504152493390838	0.030144452139007558
0.024886427506960837	0.03015830630861887
0.0247474898685142	0.030356532172680695
0.024705923078653914	0.02991130049937089
0.02490744089552638	0.02990127789885576
0.024797724287010544	0.029638904730310438
0.02527996803149289	0.030590389103855847
0.024802819583045452	0.030173194966604255
0.024395136639141186	0.02999233704141395
0.024506894054753488	0.029875486573811914
0.024290233335134664	0.02969186132361233
0.02447312070879966	0.02960078905588173
0.024485199034640578	0.029692385639578697
0.024459708481377865	0.029567068239642485
0.024679538002468956	0.029507669367668604
0.024194586047684895	0.02910894189440497
0.02433882163921201	0.029322535338594424
0.0240284282885905	0.029208323719332324
0.024206314121555748	0.02959020804620955
0.024004278290583464	0.02904766940428479
0.023869561277406894	0.02966023536710586
0.02393440894741383	0.028946877827565637
0.023743153766739144	0.029068541622708936
0.02396211873755996	0.029094212168730788
0.024279205904366025	0.02905012509358985
0.023991358773909056	0.028748585967005708
0.023891427135217826	0.028976698752212437
0.0235989026608227	0.02861634504672897
0.023656882879443036	0.02882020102193353
0.024084451405769758	0.02859961059457157
0.023315395454396877	0.02885316329458685
0.023556300426863602	0.02859037632460671
0.024076369472744212	0.028592921718659604
0.023719253788858228	0.0287019686451657
0.02328983213294366	0.028591322100017864
0.02376821247828417	0.028484261070175217
0.02329457426583271	0.02830497210611698
0.023529592057279253	0.028839421081983056
0.023289793113268422	0.028485718973279093
0.023486199724119198	0.028075669762390176
0.02300647133017945	0.02860499741388362
0.023363123252275478	0.028330310352413037
0.02320045820509885	0.028290110374468803
0.02321101908565105	0.02817073605601129
0.02303597399196203	0.028012139255304498
0.02283156450917278	0.02804184899115733
0.023011373152896766	0.027775891133698313
0.02297760902094247	0.027521277684141872
0.023110808550942663	0.02762458459972043
0.023194686803406497	0.027339504367637008
0.022663281214474106	0.027625684298343917
0.022590442792127755	0.027799076621551864
0.022598140150521126	0.02739843669693558
0.022774451986494623	0.027563267941325093
0.02258261278074156	0.027383906468673395
0.022478288571817842	0.027429439808148486
0.02257352206420246	0.027433047609301875
0.022655501437942347	0.02756063632770973
0.022287448433333672	0.027638277027128545
0.022692461695326367	0.02718690616307096
0.022683218471215242	0.027257854210051186
0.022055760567080054	0.02724927716213115
0.022570786882822803	0.027595539135849164
0.02246228002410959	0.02714950791776055
0.02249538183370107	0.02720118332292043
0.022381097427460323	0.027144447377267386
0.02232180660841286	0.026713908696470518
0.0222905124960366	0.026579803838461015
0.022139410916493282	0.026851420678812972
0.022156889989365627	0.02687536532624256
0.022136597264432047	0.027007055678650357
0.02201330891568758	0.026690323137979415
0.021759635993924827	0.026748072644182046
0.02239431576422717	0.026568117154036723
0.021916802503272534	0.02668181643032684
0.021680963969589073	0.026471824265666074
0.02200482731481385	0.026437502124669637
0.021850750506264602	0.026385194342903893
0.021798450868437947	0.02646657450314808
0.022186802446766005	0.02605631850996349
0.021519374393519444	0.026532014993259856
0.021445592647872554	0.02638410054000015
0.02164248380501851	0.026144177963264445
0.02169784848590262	0.02644991255146227
0.021199148932948216	0.026089497309353494
0.021838498206145217	0.026130129285525126
0.02148090884062077	0.026206396564727636
0.021360043518760446	0.02616699637835044
0.021243050649178086	0.02568860281449988
0.021376517688274577	0.025967339526206057
0.02136511888005334	0.025594154933674763
0.021043892700865777	0.02578629429024344
0.021064685317110077	0.02577386659356296
0.021278768259629557	0.025505339297593035
0.0209081947233458	0.025750419490742926
0.021324046397268585	0.02539777212463367
0.021362819931230678	0.025242566665491246
0.020652060588303177	0.025327283265559816
0.02126102483138355	0.02537836740943778
0.021126949063306494	0.025287580762489943
0.0213846448285636	0.02526671108696569
0.020973447827120056	0.025490759253520637
0.02084894896745517	0.025038839662482257
0.021050929249906626	0.025340507240190737
0.02124217210909744	0.02548306768167459
0.020892024424444725	0.025005671473540464
0.020752733553774067	0.025419103679514946
0.02102642388727367	0.025251642309299778
0.02038970288239292	0.024801643054453176
0.020428072983793767	0.025216104946301922
0.020708778475958152	0.025465445434751904
0.020698964169080597	0.024769927224812492
0.020851868269008474	0.024694425187501326
0.02037858826057624	0.02508472065120627
0.020406198916038284	0.02480555074881885
0.020402961736305927	0.024682776242371775
0.02038472182034004	0.024797834249659905
0.020456154866146145	0.024521078524845925
0.020383292587217626	0.02461781455283401
0.02026030754053153	0.02473837659599019
0.020043455532454256	0.024542282576652665
0.020143167866627263	0.024493641128586534
0.020079237096817693	0.02444305351305932
0.02017825826505828	0.024098556826073085
0.02034362740075128	0.024518444560697683
0.020150065191810108	0.02458904770071442
0.020264850141232294	0.024200132011147055
0.020008790005917494	0.02390765741351746
0.019939414889926597	0.024019203043321818
0.020057687299385868	0.02414330255409195
0.01984048524232808	0.024049333164208875
0.019999263294871873	0.024171010277508058
0.019638393737473916	0.023986881622147675
0.01978463459719403	0.0240077720552776
0.019382064306701217	0.024283149158920152
0.019666759508786047	0.023687454622786857
0.019516901934731375	0.02394386261202039
0.019816691168743267	0.023744672432075817
0.01972430404550454	0.023427472263914565
0.01968521700836793	0.02388670114247784
0.019454718962979557	0.02331932265029666
0.019401899018093118	0.02367720255582316
0.01918913093792152	0.023551950041138307
0.01977009289163003	0.0234365391090982
0.019619580554212635	0.023199952855453534
0.01938012438359422	0.023663095514839597
0.019082578549148514	0.023598618556878722
0.019197378396295185	0.023358028367235974
0.019169128636193942	0.023446587937525163
0.019253491147169167	0.023392166594721164
0.01906553485140172	0.02315218198913334
0.019403159878324965	0.023405196974017953
0.019132428147714046	0.022963464776144256
0.019455042293755234	0.023181980150159272
0.019025113614372053	0.023101953118418127
0.01947827798865388	0.02306765717764604
0.01911665447695344	0.022936410746621266
0.018747028360155734	0.023214415810104465
0.01900305653177049	0.02297621288258567
0.019028075466977882	0.02267631494589497
0.01924075372929634	0.023159391408210998
0.018834718618878084	0.022923603389796283
0.018963696030383823	0.022886274449759617
0.018869688023126614	0.022894692609945873
0.018730834815681042	0.0222648737784505
0.01870076037669495	0.02255404114930017
0.01891357804292626	0.022745769420357102
0.01884705260878777	0.02226196376554058
0.018723966508554596	0.02287339425131723
0.018656320706488753	0.022438533477381117
0.018639455520973777	0.02246203308276808
0.01823880289185449	0.022462006226800134
0.018348666646046435	0.02245731084503071
0.01839406757068188	0.022215894480588753
0.018297299120358563	0.02253757343995821
0.01819457066891754	0.02227577663657038
0.01793050805395199	0.021852766634117587
0.018277118312023787	0.022422341607381126
0.018271249923139943	0.02196260951771388
0.01827843019940379	0.022092780103887093
0.018400965974129737	0.021657778024682727
0.018046915720021463	0.021990273470216523
0.018243089687355846	0.02180509562134961
0.018026779516570543	0.021820910102498467
0.01811552129191745	0.021339104179898347
0.017816599313883106	0.021860002197164108
0.017577290722464372	0.022252002509886976
0.017945528694176306	0.02186440359534912
0.018061989636607753	0.021791294399836132
0.018351478988210043	0.0219223856367498
0.01816702862605557	0.021699510328964403
0.018187812457457098	0.021687440565571005
0.017907736645349538	0.02151488202204153
0.017618713421847645	0.021903380494132502
0.017758448757429546	0.021455253566616064
0.017661386507986036	0.021333118334409786
0.01781670548264779	0.021326326408392004
0.017608182837260226	0.021531270113395607
0.01767797476762488	0.021435710314048655
0.017218408707334123	0.021569385149298487
0.017324884262435794	0.021495494899424275
0.017718025894226372	0.02136057367159759
0.01754121264923601	0.021694208151543375
0.01733706532555884	0.02116862673842359
0.017509797321379392	0.021417134571748497
0.017458736642828796	0.02103733397260065
0.017501574328330924	0.02106926890507244
0.01734692059094789	0.021203485118995134
0.017566012399047756	0.021369293581814306
0.0173737846150499	0.020961868738249713
0.017703016559402384	0.020938289655673976
0.017035444536161688	0.02100958203732126
0.017051303739932744	0.021241559686005322
0.017011092270440745	0.020905421761401363
0.01705209110630214	0.020795220381179827
0.017203416357884166	0.02102660749683378
0.016970962284736834	0.020774548286162986
0.016912368455296783	0.020643533679904652
0.016808537617419718	0.020322187092493088
0.01734147289444525	0.020548509312761566
0.016879821481789146	0.020625145110416535
0.017036111300048975	0.02094018486399277
0.016978459462237656	0.020766159582666782
0.01717704659439781	0.020327188369821923
0.016774117589980122	0.020439010016270295
0.016948996609252247	0.020347472275994104
0.01687556973000723	0.02061729282587861
0.016596908802665115	0.020396663294250113
0.016618189806073515	0.020430795683849406
0.016425757843042923	0.02031070607046313
0.016350432789005463	0.020148414422049506
0.016748853333375828	0.020567272314076887
0.016753296640574754	0.020150925168633548
0.016388609977203445	0.020023559105586963
0.016507852518391937	0.020141440103722603
0.016672537437439267	0.01994669348778512
0.01651357677175218	0.020124210081436108
0.01676473587607423	0.02006081322106449
0.016386251987146976	0.020131975542367446
0.01638613763851707	0.020086642944986764
0.016533613398664482	0.019886273384624543
0.0162624638991403	0.020186458630697506
0.01613860850346502	0.01974223084755108
0.016187588331537325	0.020019104906038972
0.016072426555293413	0.01963188258437005
0.016360984917833266	0.019797608041277986
0.01628244554488367	0.01963666012286371
0.016146943892326224	0.019758898881659256
0.01641862267186344	0.01951315349237213
0.01624457303486634	0.019540149984820773
0.01618628266800975	0.019654939997705203
