2048.0	0.0
5.0	0.0
100.0	0.0
3000000.0	0.0
32.0	0.0
100000.0	0.0
5000.0	0.0
5000.0	0.0
185625.0	0.0
10000.0	0.0
0.5550345572815804	0.4594638110207293
0.35417124278398016	0.6701101768701124
0.5737870023891477	0.4488633217365512
0.33679929503760897	0.6725454127816517
0.5841782669871497	0.44515188782588805
0.3264794491756439	0.6693893716900048
0.5876769480250736	0.44698589015191337
0.3234139041336094	0.660882652191771
0.5850327769654854	0.45391485292307765
0.32546236450104354	0.6485281327197067
0.5765466707699265	0.46453571585100323
0.33405350001745737	0.6311595444178356
0.5614976118227675	0.47946255600899845
0.348004104636488	0.610905531597227
0.5421174085589808	0.4972939057851017
0.36666871348672503	0.5879943327190137
0.5177872504259264	0.5175608048110132
0.3893851560528794	0.5633434343087813
0.4901062065389357	0.5384051956720293
0.4148481530043169	0.5390258769460755
0.46123636177366856	0.5587304902548811
0.4409001155214959	0.5154801388308491
0.4323910374610879	0.5767891273375657
0.4654570233588589	0.495424746482249
0.40615262301409827	0.5903204094133353
0.48646410287109365	0.4807255152559216
0.38497608572854325	0.5987005751299138
0.50120293597333	0.4719042470251632
0.37039885760732033	0.6003563264000841
0.5088609537940619	0.4694775765606676
0.3635854857586023	0.5954652772108977
0.5087890142584418	0.47403058699302686
0.3641093301354687	0.5847629993601898
0.5012158042309255	0.48322868639674665
0.3715733234550608	0.5701521636803355
0.48855464180862584	0.49511096967141294
0.38346407284833817	0.5535674992551227
0.4715253935382574	0.5090372409272982
0.39879696551923915	0.5358115193480804
0.45250536055055096	0.5225636834233605
0.41542748383105466	0.5192985237622585
0.433670890682023	0.5347576380402745
0.43074646130589705	0.5051190584493304
0.4162735449103405	0.5435910182050013
0.44354227477041613	0.49392183231986453
0.4019419799409456	0.5497177651933205
0.45331427507168587	0.4857849533219955
0.39092289263875973	0.5521513301424109
0.45984378835627615	0.4815368148350192
0.38417365952588717	0.5511550634969085
0.46169452673336286	0.48067184950458025
0.38088744302210337	0.5465030249366648
0.4597081835347186	0.4826079347787279
0.3811569902209312	0.5399451563414077
0.4544650970479174	0.4870294939855502
0.38489290491802475	0.5314749781602739
0.4471431757116396	0.4923432048080172
0.39085277088677883	0.5222278775142984
0.4378632543781497	0.49849550503119033
0.39754187355584547	0.5122463945229461
0.4274682932311712	0.5045149203784862
0.40542307271313144	0.5026655565082694
0.41683506951353966	0.5104323805614307
0.41235318359143097	0.49427344424889375
0.4069596647323785	0.5142819024851236
0.4194316404211773	0.48719300325699316
0.3980836677774232	0.5172870663899256
0.4241533638574031	0.48123753403831027
0.39107773090728765	0.5185509189838216
0.42766894799035965	0.4781897539390596
0.3859446108100455	0.5175734764023091
0.4284694346327295	0.4765846495348027
0.3832087785253371	0.5149931090255371
0.4279732508760973	0.47605008885758043
0.3821435192341027	0.5107758242250973
0.4253440062296804	0.47715423574620475
0.3824887683138113	0.5056798719675072
0.42125245201724915	0.47923839025475035
0.38448849587642264	0.5000599408708186
0.41589684897683854	0.481629010439219
0.3878097818557563	0.4943941250262658
0.4093482536320612	0.48447269499202383
0.39137480557985627	0.4880873718905203
0.40292245615951605	0.48674133204772496
0.39464414240052426	0.48260978522429987
0.39693175931970437	0.4884626605966925
0.39785796093714265	0.4782396062522869
0.3916901294745692	0.48945158725337184
0.39973250342589967	0.4738098223449621
0.3867221204471095	0.4894075264603912
0.4012783927803845	0.4709978956246306
0.38361892745576903	0.48846075866040994
0.40159428911077644	0.4689265739067095
0.38058496342894	0.48694976511783655
0.40108214652754925	0.46750961207157044
0.3795171529672254	0.4850199150324967
0.39986759626035795	0.4664775889399704
0.37811184216557436	0.4820152827966589
0.3978052011688709	0.4662818466423889
0.3781087446108764	0.47847323327162716
0.39478542995926563	0.466887504941075
0.37846784649007326	0.4750290635530333
0.3916527184419491	0.466531445852856
0.3785256815640476	0.4714768436572912
0.388392077540925	0.4671320333990784
0.37973042296930193	0.4678090868745556
0.38477671448172174	0.46710934028994056
0.38065056389359453	0.4644996745837083
0.38140848406351135	0.4672744823410231
0.38117810490115844	0.4618677753466484
0.3777990843453289	0.46694047945544237
0.3819326149507581	0.4589785202983534
0.3751263187123021	0.46645215418860303
0.38211627552353317	0.45604273930141814
0.3719641671238116	0.46576757565341614
0.3821578674177053	0.45413935015553886
0.3698628372130079	0.46428914428942425
0.3815994367342034	0.4522186406943211
0.3680209502534269	0.46221497987645477
0.38071928639239505	0.45090578118554503
0.3663767205097389	0.4604574289865881
0.3791611905072879	0.4503242504584519
0.36602044094176855	0.4578086554815638
0.3769108959974885	0.44946584366409015
0.36535039571170014	0.45541788524899074
0.3745449413996964	0.4489704123092981
0.3652178261220537	0.4525110810134727
0.3724472715537295	0.44896991765258204
0.3654484294617831	0.44966270260296526
0.36954880987313965	0.4480435648263049
0.36555706607716887	0.4469584606327253
0.36630335188646385	0.4483321355476269
0.3662302421890163	0.44381287414361065
0.36360907946351734	0.447632189078654
0.365899477110815	0.4411253327960656
0.3606905580330156	0.447198975132837
0.3662000526540148	0.4383026918666444
0.3581960343438034	0.4463409621189177
0.36642234695308884	0.43701610748229597
0.3563590864655311	0.4450701660075395
0.36556563258249936	0.4349498614715665
0.35469810453112566	0.44314304842549845
0.36497741139037204	0.4340923089087121
0.3531224210392897	0.44157334137285753
0.363039220211053	0.43309917759811406
0.35247606702923767	0.4389024906206196
0.3612522713005756	0.43252132265144577
0.3516373035053681	0.4369297274289482
0.359346848451559	0.43157509178632303
0.3520209525252865	0.4340266133590629
0.3567130767616029	0.43168869648711783
0.3519112079232144	0.43158459745642225
0.3538246532394225	0.43149244528112973
0.35217940644028584	0.4286728717480278
0.3517158334217199	0.43084918218120877
0.3522607671174402	0.4261713533171542
0.34883995579043436	0.43007788117445234
0.35208118215966067	0.42403496956610587
0.3465537162760393	0.42973162520641767
0.3522853386927606	0.4219127452900471
0.34412939132799253	0.4282630407502556
0.3516555426731027	0.4201768016112834
0.34215752042504693	0.42687667900895765
0.3504790192984774	0.4187627133787587
0.3410749571262298	0.42549825886894
0.35007815163611544	0.41795404858267493
0.3403362856498746	0.42339681664636786
0.3479500354759741	0.41661670460560485
0.3395856209804432	0.42105780269290427
0.34616216896833274	0.41610955417625595
0.3392140767632541	0.4188225801371608
0.3439256644623952	0.4159839158839964
0.33876251867836926	0.41635153937875896
0.3413933792890413	0.4155208898764301
0.3388321235140881	0.4137524122237279
0.3393390004126601	0.414810115446704
0.3390121576467932	0.4115433774948206
0.3360185935578387	0.414029188094523
0.33889450133679344	0.4090706909563529
0.3349110356113451	0.4134039513119148
0.33848349093237234	0.4077118740967689
0.33254795932698716	0.4122682378936696
0.33788935724524677	0.40583899075057445
0.3308697012686222	0.41061020117875663
0.3371234368197434	0.40416652454091606
0.3299258791395345	0.40926145030635197
0.3361682183885572	0.4031433072232233
0.32858149521403923	0.40765405735304117
0.3345104854047722	0.4019494828280598
0.32797727035588015	0.40555216330249017
0.3328759233414521	0.4013042818816979
0.3273514456697199	0.4033113009393983
0.3308068636761817	0.4004590399822377
0.3271096565579064	0.4014178017577212
0.32886722572673216	0.39977955789107533
0.3267806255252048	0.3989589432612802
0.32707533451387044	0.3996720104560135
0.3264794796522443	0.39675585635406774
0.3251627275593271	0.39835265124090397
0.326430409102515	0.3952639048102513
0.32357086276812486	0.39740430863218934
0.32529728744293085	0.39372364033425
0.3219334069762639	0.39642461346604
0.32495279800358157	0.3915881673615477
0.32065661624076197	0.3951241921302212
0.32420477860960606	0.3904310057908548
0.31891839158081625	0.39362096113922607
0.3232466349968441	0.38914886464252946
0.31775269337329426	0.39207783133452634
0.3216935696484173	0.3879683966207563
0.3169379816652465	0.39025386624894476
0.3205799318706985	0.38709189310200487
0.3159937035665554	0.38845405726671095
0.3186624242046115	0.3861519043887775
0.31578312735474695	0.386718458225832
0.3172308045246379	0.3851074619935765
0.31497200239441825	0.38510392682446704
0.31561823758277147	0.3841352196356663
0.31417216612773236	0.38356079303858903
0.31406782510412634	0.3830736796331561
0.3135489119712747	0.38161168197071044
0.31256048938302583	0.38208632004863385
0.3132856782066045	0.3797176304604123
0.3111732620550089	0.38140124974440914
0.3122085333361456	0.37843736642698284
0.3097016856519863	0.3800356790791149
0.31171861602623896	0.37652915685130006
0.3081958978382895	0.3788739058941454
0.3105894442745091	0.3756516744794489
0.3068273764589396	0.3774263141324024
0.3093524134406679	0.37438729911459034
0.30593486155974114	0.37654236658209594
0.30838013425019367	0.3734391552283062
0.30497925878964377	0.374566703411126
0.30739518857514	0.37166867590472635
0.30376384730095246	0.37313803398637885
0.3060379356598005	0.3708691801513463
0.3033153426316246	0.3717246393852703
0.30502639903355117	0.3698408676034815
0.3024777192078856	0.3700394807347854
0.303390840534449	0.3690410376037661
0.3018457936485271	0.3682353610178123
0.30161380916072233	0.36779419932534974
0.3012984108465318	0.3669082244744571
0.30058619231629474	0.36671583682476105
0.3004707818764761	0.36544842767943164
0.2991377886959618	0.36604036128802936
0.29944157733827786	0.3637790159952602
0.2975752381423231	0.3649024583829531
0.2991733612820962	0.36232612067132836
0.2966977533081926	0.36376913664831007
0.29802219569327604	0.36119111715429886
0.2954826179181675	0.3621940381680051
0.297177441687139	0.3595444019082317
0.2939137466316894	0.3615583568727183
0.2960108170780195	0.35849592963202637
0.2933082296148125	0.3595187548304787
0.2952272667385282	0.3579042445149159
0.2923461967768804	0.35821379699393274
0.2937856758639314	0.3566187299773237
0.29149325007878424	0.3566933165741666
0.29269918575449994	0.3550932427739107
0.29049737440339274	0.35552066780776825
0.2913117190530826	0.35452893369533256
0.28996435382609415	0.35347270858402646
0.2898490083480768	0.353543493590618
0.28911546563138	0.3525064652625685
0.28868483463295647	0.3527082698499676
0.28833804822428855	0.350925859943187
0.2875049594410309	0.35124205885094123
0.287682822884499	0.3495565467855622
0.28621289150898044	0.35030492688756365
0.2869424685053539	0.34807583746383425
0.28481370334433376	0.3491439648399379
0.2862317566101459	0.34678866997615615
0.2839516610601722	0.34813378687941693
0.2854142335809131	0.3459163639098931
0.2827951420465509	0.34683233967556415
0.28450533449236076	0.3443497174012845
0.28163601488267853	0.3453303582759896
0.28320864481646124	0.3436189121869631
0.2810827766079204	0.34407713812279067
0.28240257001449787	0.3423542526138417
0.2802019698424751	0.3428015840561556
0.2809143499394706	0.3409503484844907
0.2795174993882586	0.3407960090090948
0.2795438217360458	0.3407485667358413
0.278728514981557	0.33997817093462546
0.2787291038066811	0.33914416367908784
0.27800513823159756	0.3389290832099477
0.2776877341360737	0.33829205300339354
0.2771859889500815	0.33700907837065663
0.27612875025399014	0.3374114954866986
0.2762436828641002	0.3362924534863786
0.27503051654659405	0.3362103675979247
0.27566477712403065	0.3343082048098244
0.27440255513343076	0.33501887600823765
0.27494974921027293	0.33334904092432943
0.27291528691864186	0.3338228341723042
0.2738882516618179	0.3320409875550926
0.2721417029823288	0.33294144415395255
0.27347139516025554	0.3312654965074388
0.2714590952321082	0.3318238506368727
0.27208959004499167	0.32999446072601235
0.2700829577140919	0.3304262964940668
0.27112712252685284	0.3288792817953853
0.26892285535929833	0.32913335438195634
0.27022723358764084	0.3279883808203405
0.2684260197003082	0.3277554003909183
0.26887486518090037	0.3270205376563607
0.2678329477875136	0.32651152052606475
0.26769801683250755	0.3258000088542908
0.2667825086368638	0.3249517808893845
0.26659312127706447	0.32484579254063906
0.26621391859524657	0.3239050019331689
0.2658583113148508	0.32385996451215876
0.265259091146832	0.3229244103973156
0.2643075661855198	0.32294562925557263
0.26458593464271696	0.32142213429101846
0.263553123601702	0.3219046576713242
0.2639305966311374	0.32012484992928014
0.2623647272309768	0.32091347583006125
0.2630170848698204	0.3192725660553744
0.2613246608215887	0.3193634474969974
0.26211307452309607	0.3181224850719725
0.2602258173304692	0.31862827649660413
0.2612405121548218	0.31687361373266376
0.2595360827849955	0.31730201125774726
0.26014600027594603	0.31596042681642006
0.2584855314757615	0.3163094011787294
0.2595386422060431	0.3151781171634317
0.25774801217835347	0.31485459090508533
0.2580657714828599	0.31394411563992
0.25707423083654946	0.3138339134361385
0.25725607252316085	0.3129024256607369
0.2567347597754388	0.31227820480024704
0.2562672929057145	0.31195110248949665
0.2558847331598607	0.311293867191136
0.2549870417273429	0.3114146889526498
0.2552759028131358	0.31013441165378064
0.25387332980488847	0.31028274256357424
0.25419854892550553	0.3088898285439744
0.25291455125104256	0.3095360346803155
0.2534263538475521	0.307492134178848
0.25184624813116135	0.3082623603448259
0.2526442086753698	0.30627040518536175
0.2511549465656378	0.306938082895493
0.25194162310023777	0.30555353030636645
0.250149684264794	0.30614573464154926
0.25094252386867416	0.30442058280771944
0.24951669420104017	0.30492309509737586
0.25001347580445765	0.3034822526552552
0.248373155607198	0.3036183165148255
0.2494362246142131	0.30264701413015005
0.2476323137781598	0.3025560100196242
0.24804993846856518	0.3014968854749713
0.24713592250010297	0.30142249064624616
0.24720678817285768	0.3008873191699564
0.24600758915251963	0.3001758152721138
0.24618849006324928	0.29973523929528645
0.24562837129762333	0.29929631962258985
0.24504426307784818	0.29896170536457223
0.24498626346787195	0.2978982575804722
0.24413900725223342	0.297927876339386
0.24425460732175003	0.296608459047972
0.24341084505544197	0.29701202237719576
0.24388476062906628	0.2952523677210803
0.24196334870689945	0.2958795440600841
0.24260310696483417	0.29474898097704133
0.24098169546356846	0.2947045166075047
0.24174150469871034	0.29347781659132877
0.24022963092250535	0.2937981623745557
0.2407434412956771	0.29231012446619986
0.2396052878012067	0.29271447244892357
0.240215045764526	0.2916004216395638
0.23882124044034392	0.2916467915481958
0.2394638427933504	0.29083777465998256
0.23833073836100407	0.29050623699678324
0.23828381463142748	0.28945476759422584
0.23732506192098077	0.28951577131949735
0.2371213584727254	0.2893130515461919
0.23675957164104436	0.28800911343282226
0.23648773915456003	0.287972157155
0.23570029683765426	0.2868793322621591
0.2353847893056386	0.28741569952291035
0.23548495715570816	0.28577875046886
0.23452140612760003	0.2862732782921653
0.2344877185404588	0.2844779382243903
0.23344048016467844	0.28507284508018677
0.23414933194417986	0.2837019683645611
0.23281170071283144	0.28441995609409876
0.23366601800067321	0.28296439441038956
0.23188033318732842	0.2832811805177077
0.23235973690428305	0.2818185622775328
0.23107452655787758	0.2822549073024905
0.23185396644476913	0.2808180749278413
0.23034425447614357	0.28098025688186995
0.23074705031460582	0.2804724513240869
0.22976358106104863	0.27989230379610647
0.22978733963144493	0.2795492765456625
0.22888500542303183	0.2787561502756103
0.22898843251065884	0.2784683156148864
0.22797789229465007	0.2774777796947997
0.22814453894185457	0.27768373249536116
0.2274142881978485	0.2766863616113322
0.22719351311246025	0.276999358051416
0.22704443169642602	0.27568505383195685
0.22570093940809485	0.27592776914296924
0.22605226985470134	0.2742688664797127
0.22521973322303865	0.2748070390039558
0.22572057092932452	0.2737011725855036
0.2242334086764859	0.2737503277184329
0.22518212959432032	0.272483172053954
0.22329332284631756	0.27300164895220846
0.2238088739772744	0.27196499650634254
0.22270807203944704	0.2719801550492819
0.22347295015380048	0.27122070475954735
0.22202439078646125	0.2710474752250124
0.22244991794526858	0.2697073194840938
0.2210129224403513	0.26969719586280544
0.22166932290271302	0.26906870498731017
0.22087599944538505	0.2687641959157867
0.22094041740877998	0.26815581793822924
0.2199112112300327	0.2677439563935018
0.2200596548811936	0.26758775149697556
0.21918451981260778	0.26655846822154566
0.21896755867441836	0.266606539676705
0.21863142088921575	0.2658859187938584
0.21765218222992558	0.2655552545296222
0.21789899633814797	0.2648070796036202
0.2171963883816324	0.2648402445635623
0.21746319732747002	0.26372962228480173
0.2164511266242618	0.2641251451634154
0.21665737073914174	0.2628875900042605
0.2154140287121861	0.26279418835804896
0.21584812083694427	0.2621470414326839
0.21503167561498687	0.2619437586216613
0.21504615902857735	0.260974057155957
0.21409861974119482	0.26103556174689596
0.21435528144044805	0.26049660211305786
0.2134071422526438	0.25991129486604836
0.21364722133101777	0.25919754247264437
0.21249435254521853	0.2591538367620548
0.21265925003082567	0.25872615303095714
0.21220262020301786	0.25819952132733154
0.21176314608306349	0.25796520015675684
0.21148528724239823	0.2570799620522346
0.21126130000709603	0.2569571909190057
0.21094023071927528	0.25603349142779797
0.21030167689963009	0.25674115407200476
0.2101959364689577	0.25484127020909914
0.20908335195669575	0.2557150519985087
0.20954799029294643	0.2546418210949485
0.20875593088247904	0.254581644684313
0.20890550650613243	0.25334501568820217
0.20787139975823601	0.25347859695885544
0.20834179256859975	0.25261790391205624
0.2068787041804558	0.25258268377711074
0.20712296307951109	0.25152658980339226
0.2065543992404839	0.2518319854263235
0.2066998653816292	0.25081769459375863
0.20578182503523804	0.2509138687027462
0.20584721282425003	0.25043146302385877
0.20522333181598112	0.24972984434117323
0.20504371077087458	0.24952098671911815
0.20433770057417272	0.24880027319636425
0.20454004803255027	0.24893296853642133
0.20368393001610702	0.24787788033832864
0.20292110731774865	0.24772100427586433
0.2035773979808474	0.24675052761782054
0.20219360157115662	0.24649025182622517
0.20253988296390765	0.24613383394608251
0.20150956168047746	0.24608077315629756
0.20195709031603434	0.2450725447941196
0.20103207757036468	0.245469290057803
0.20149169562739178	0.24416965452854406
0.20021970264280337	0.24458958164977013
0.200676803492728	0.24322075642374796
0.19968968168084036	0.24406565836515057
0.20005617978622364	0.2427774685251425
0.19880092826449497	0.2429144578727591
0.1991510586854466	0.24172874589243665
0.1984061550809334	0.24192988210246066
0.19843134935543738	0.24106333447204115
0.19800729281457125	0.24085338374709686
0.19779440882638874	0.2399481189311461
0.19737556751726537	0.23983073984654907
0.19694315873245896	0.23973344141508762
0.1962378825200694	0.23881749718177153
0.19572971513897713	0.2388601111238816
0.19573635072301	0.23833162817348974
0.1952316892620594	0.23850577716352672
0.19550894918389047	0.2376084768327563
0.1942845885745667	0.23703909513289242
0.1947199646151559	0.23646032153294527
0.19359920823394744	0.2363199566081392
0.19395487541806114	0.23555787787722646
0.19325765536730188	0.23535347073472104
0.19318781315530464	0.23481709909176302
0.19260666891123324	0.2349705143304689
0.19270213751514054	0.234034765691561
0.19162812722318298	0.23390978462659112
0.19191707662137025	0.23305793794373952
0.19153845628146335	0.23312867965817438
0.19111133340596492	0.23232401242159023
0.19056686848678	0.23199845994088275
0.19073532824274278	0.23144783196195148
0.18986105687570096	0.23118125896525746
0.18976723123687345	0.2306710245468264
0.18923229469022035	0.23064530670332892
0.18930797673462893	0.2300319092114766
0.18851044839399891	0.2293704035664087
0.1885712124907025	0.2293650548834049
0.1883725083100079	0.2284802707263344
0.18748842006632743	0.22857915828542677
0.18727527285140544	0.22778293342443243
0.1869343842336541	0.22769671971056227
0.18702120892134322	0.22697117836501418
0.18660987370448018	0.22697274810716755
0.18601180463925224	0.22630962360352633
0.1855325381595459	0.22615183599641964
0.1855356433283248	0.22576329657246375
0.18490980640701785	0.2257939674700157
0.1850368875110796	0.22448766127081266
0.1842332795886928	0.22455999333199997
0.18449603565817665	0.22359633822290204
0.18391848207449715	0.22367781653144808
0.18372186667012788	0.22325929930592492
0.18326646842249067	0.2230498752215113
0.18285847619012158	0.22236629415218104
0.18273047343125948	0.22196012471186244
0.18234495007497187	0.22157711543459963
0.18181159241274222	0.22144377826547937
0.18208050963742323	0.22081693887809828
0.18155372955538737	0.2202626380279626
0.18085978771451033	0.22009917037762358
0.1809175518942333	0.21999155357920008
0.1800841451606571	0.21948707877704818
0.17999320562575233	0.2190074619426634
0.17969465339665958	0.21837815879660666
0.17988557395681803	0.21795603230146404
0.17898024720634712	0.21802425382878718
0.17866360660191555	0.21725676814977748
0.17816175201867324	0.21714307290355742
0.17833739839113205	0.21645428800990812
0.17780802369470566	0.21663022208065832
0.17787532683834717	0.2158325297012219
0.17712373555711766	0.21566176498040507
0.17709277262425932	0.21486903785065453
0.17638845454220906	0.21516532580786077
0.1767175512588447	0.2145190100602614
0.1757699572554961	0.2139375512727819
0.17604252927466676	0.21347191018341063
0.17517152910415634	0.21313102107994997
0.1752618170060926	0.21286533939180724
0.17461512238202803	0.21263127944790805
0.17433587053456948	0.21264822138352849
0.17459376563421752	0.21194849959821754
0.17375920812568954	0.2116638891496473
0.17375445002314527	0.21139297501553492
0.17276339180762415	0.21090241287187794
0.17327959569524673	0.20999533332261994
0.17269063586760677	0.2102092380551674
0.17269681330688358	0.20960895096994778
0.17153809470943363	0.20929979398520288
0.17222315980435668	0.20888390292325518
0.17152654061189795	0.20868516569123025
0.17127237007028884	0.20791119028236613
0.17051605076986276	0.20796360684627077
0.1707109174552941	0.20697621468611183
0.1700533965948696	0.20749621575088603
0.17061303740455017	0.20681122433587423
0.16965695435013037	0.2063091037638509
0.16953411321382733	0.20585302063716426
0.1694249853157689	0.20576480239690523
0.16878281918193314	0.2051843822185342
0.1687449911278514	0.2051427799540991
0.1681820436694842	0.2045780791021194
0.16820542078724637	0.20432149800656582
0.16795060314281943	0.20395363285358065
0.16761180532582512	0.20364007823349256
0.16713762886219116	0.20307809158699092
0.16670294399722965	0.20259182503916479
0.16666164338224373	0.20261716634629837
0.16636830887274018	0.20179340705053697
0.1657664370498249	0.20199432221995975
0.16553297951304727	0.20134013644251386
0.1652362685307586	0.20138949289779853
0.16517596369476445	0.2007607627910896
0.164648186099056	0.2003413017937818
0.16416666183449566	0.1997560675970514
0.16396601434920582	0.19968036539966705
0.16434361659849125	0.1990922738424416
0.16340101115154096	0.19879457216040694
0.16314752037406866	0.1986330534041155
0.1626734553067771	0.19817866698666756
0.1629778906268061	0.19809202436493545
0.16246960035721206	0.1978546626848191
0.16232837395334007	0.19711596697455314
0.1620839419705342	0.1971895044241807
0.16171170748269043	0.1965470818986274
0.1612224282074262	0.196058870749034
0.16092371154452884	0.19558281348487455
0.1609487794078117	0.1952802107383283
0.16065801065295485	0.19484340631710811
0.16018839075886582	0.19461938385985425
0.16017989947905753	0.19488664392225621
0.15992797353912644	0.19400431377385555
0.15973675960399125	0.19399714001981166
0.1594975231334211	0.19302202003832286
0.15890808129459744	0.1931090379742354
0.15857839689667144	0.19268877209272622
0.15790724686726604	0.19293483599931743
0.15808953471238182	0.19184279023120568
0.1575606952945562	0.19189087309492658
0.15770466473090627	0.19154602390389708
0.15711603193316453	0.19125778334471782
0.15726294151336034	0.19060183639431555
0.15621320308394465	0.19079410865921437
0.15663037158529372	0.18994034146413213
0.15621806139318634	0.18974874635669772
0.1563073526926292	0.18914183405076412
0.15549278329826854	0.18930503414262925
0.15511227354787918	0.1891512125832461
0.1552795349631751	0.18816438302284913
0.15461265646854522	0.18808209698340106
0.1544086270500601	0.18731374631092107
0.1541635329180036	0.18749280044591177
0.1540081562892036	0.18660383768519817
0.15326300147004454	0.18662537691099518
0.15331482026268026	0.18644270689678533
0.15315091133795108	0.18615660916425902
0.15298867683912135	0.18558010019553428
0.15239083884788235	0.185852248803602
0.15233615454132324	0.18516599243803777
0.15177232863419152	0.18475534945787517
0.15189334993020265	0.1844512255840207
0.1514319713897929	0.1841529825130412
0.15149718378664806	0.1840167728900969
0.15065616588690503	0.18360132299794732
0.15108538198211574	0.18293736325637544
0.15004466201592084	0.1831190196575749
0.15048654118844476	0.18270421803821701
0.15008292779968652	0.18225884581523205
0.14972416679712036	0.18168176203352132
0.14936589826757923	0.18140741024773793
0.14910610303437027	0.18162258030570663
0.14896552088202908	0.18092297915708527
0.14853133611471847	0.18082361669633
0.14825537066020072	0.18023223459901042
0.14778400740475384	0.180230363120979
0.1481906284957356	0.18012863213170308
0.147536000178572	0.1797321716723646
0.1476766899083934	0.17893158567307715
0.146936592428208	0.17894857851930754
0.14723619119760314	0.1781959528945279
0.14655723747180135	0.17859209527200057
0.14653509240028836	0.17778881973758304
0.1458139500535017	0.17739715141480725
0.14605743013896344	0.1767017249876061
0.14528992826669648	0.1771582573611432
0.14561967842876306	0.1764531459486803
0.1448452502260462	0.1765400827815189
0.14481295421788656	0.1761124253770096
0.14444588890158438	0.17550561964010314
0.14447130885173873	0.17496275586315982
0.1438900209536428	0.17535292089052162
0.14405758460208537	0.17457119579289493
0.1438342175134649	0.17468833907848907
0.143547071542801	0.17418161236337731
0.1431851863976636	0.173677543701368
0.14280303337159583	0.17359644709195754
0.14270018509282423	0.1731287262916446
0.1424278794261595	0.1734085901751257
0.14204145151217668	0.17216955928533578
0.14151403505557708	0.17267186921704553
0.1414308469125529	0.17205945682533735
0.14136929833875944	0.17193703347018646
0.14137087158568828	0.17155160158150407
0.14081860320541545	0.17157509079517058
0.14070886878212163	0.1706375916335746
0.1401326197853887	0.1704726567463187
0.14019545063472666	0.16998539415367891
0.13986795126984938	0.17014328188843258
0.13958644408423979	0.16975879012089445
0.13914972092455533	0.1696620604565357
0.13964294955123513	0.16901629506783797
0.13898461227402803	0.1687492796952928
0.13903841116107862	0.16898478068174988
0.1384972657407832	0.16773273841206618
0.1381656130693489	0.16790218090168677
0.137832841908768	0.16746575737410982
0.13744389385193825	0.1672844114875978
0.13756459778300992	0.16717552421481957
0.13716727810527252	0.16693677098685375
0.1370205369092828	0.16607243814447606
0.13657808719203138	0.16624988330725987
0.13664025072504024	0.16562911236769323
0.13627552579464428	0.165557167401835
0.1359717669194657	0.16513924686085169
0.1354229151875286	0.1652913602109549
0.13569042709849932	0.1645739851719009
0.13530956801798522	0.16431275869955986
0.13531375518626593	0.16391420723132852
0.1350098312782213	0.16374206144329348
0.13448102413549903	0.16318516918803685
0.1343247373103697	0.1631485974962219
0.1340061812075652	0.16285257643212234
0.13377931574652766	0.16301934679263502
0.13370440077610396	0.1621537131465904
0.13401222066926208	0.16195923986635444
0.1334083250374674	0.1619259605604334
0.13305466797604854	0.1614735322275713
0.13260948633150738	0.16115100321076628
0.13245226046229008	0.16094886699083377
0.1323373642750436	0.16040716467307498
0.1321039008108485	0.16044186780930042
0.13192891105294088	0.16018346571106007
0.13185404402655226	0.15990025308159922
0.1314544439077629	0.1597367350221716
0.13133978183780531	0.15923298665424535
0.1307284864751885	0.15898464961069525
0.1307959130347838	0.1583943165305228
0.13072192795509113	0.1585330236452993
0.13055928974464207	0.15789009964545497
0.12988058888806212	0.15750927968420667
0.12977938151092636	0.15722082450025088
0.12938141600159528	0.15730826941579465
0.12945979053138007	0.15689827866827166
0.12907034611840332	0.15677465734464496
0.12871570845448385	0.15655366393029713
0.1286402084056802	0.1563863685485365
0.12848589635409743	0.1560494805839507
0.12829521819105374	0.15589086463299692
0.12803488265664725	0.15529452230019464
0.12792381443582548	0.15488329408589657
0.12753666179067322	0.15514661972508678
0.12742533745882872	0.1544089199982215
0.12691962501671045	0.15474216769138874
0.12717917080234553	0.15412152071586618
0.1267427243259044	0.15362453185932912
0.12701071927403385	0.15356866865899244
0.12635714000307288	0.1535304975592368
0.12611769034473783	0.15301815749564743
0.12577914177765342	0.15256495702899348
0.12531273808871782	0.15254226450070946
0.12547914443794425	0.15198539065410258
0.12540416757615366	0.15177742459368462
0.12463395077019618	0.1515267912101976
0.12528159683872492	0.15156270179708078
0.12436610037440907	0.15155530726120583
0.12414866119686954	0.15099907809505117
0.12431453549728651	0.15067272780446883
0.12399145588832634	0.15017168351928636
0.12376590694409056	0.150028315116916
0.1233267361238937	0.14974112733696138
0.1232039686835118	0.14921542674334104
0.12317599924784946	0.14936005817419576
0.12284188622990196	0.14878609378687127
0.12211480204361944	0.14862956072901898
0.12241858617864178	0.1484725681758314
0.1219669105842158	0.148299906609943
0.12212621760767675	0.14786728187384968
0.12147442571589492	0.14791814623609403
0.12165811317621351	0.14757621717751537
0.12103693295976661	0.1472546110986059
0.12122610979911355	0.14695362840690637
0.1207901489232346	0.14694148268475135
0.1209354146855895	0.14643051984378874
0.11983485458616716	0.1461735670870564
0.12040550701961353	0.14591789737390212
0.11982797719457552	0.14567011598688878
0.11999492656825893	0.1454954198775418
0.11917751693534562	0.14491720372585126
0.11979654517790178	0.14493700262547227
0.11904872836623018	0.1448809497875689
0.11906796774557941	0.14471645863356852
0.11881877880180597	0.14419070635943274
0.11860954560566564	0.14395963050892374
0.11809525058191687	0.14359928295353125
0.1182440140371041	0.1435308189449689
0.11824507688480626	0.14321809468006028
0.11748715190788263	0.14316041402023746
0.11758924234923986	0.14259390129753666
0.11723949111642869	0.14274375839913855
0.11724554268358058	0.1417376084753213
0.11684618800488389	0.14220775113999837
0.11686757763523271	0.14140975812355164
0.11675582123655656	0.14140235875402138
0.11674024670236371	0.14113364304523235
0.11615108211190701	0.14125651635316014
0.11614550601637509	0.14063018238035854
0.11558961660993294	0.14066995924338288
0.11573866710669817	0.1401206428491644
0.11549704825692489	0.14017203530604888
0.11530600454050392	0.13941402314916798
0.11481102927945039	0.1395313510944516
0.11459283780762447	0.13907945180197284
0.1144487281430732	0.13920967229383943
0.11471157184909855	0.13858781377318904
0.11409169184738549	0.13859325241839868
0.1139218467882929	0.13835215136467538
0.11392060931236557	0.13821170394533214
0.11345203680582293	0.13796726345347593
0.1135617651051906	0.1372541248949322
0.11333643150096986	0.13691258042571955
0.11290326364353095	0.13701015654917265
0.11265262306588182	0.13699372093309736
0.11237207251607498	0.1363869688576118
0.11211794559275011	0.13636042280842564
0.11225287087209203	0.1362066048927132
0.11162668445664087	0.13581337182188438
0.11241975215477493	0.13558515773771093
0.11171133354494166	0.1357704250723247
0.11133513394505302	0.1346666963411103
0.11113569085073507	0.13511402960250232
0.11137148026931502	0.13442031752789835
0.11050095780528034	0.13433187743029468
0.11083158818233978	0.13447260103347647
0.11042872172834445	0.13439274767114595
0.11001870168800747	0.1336935336552215
0.11004290702808142	0.13363021474685022
0.11018323957295079	0.13337692407925228
0.10977104665445155	0.13302297179096012
0.10889393228462546	0.1328873404911593
0.10894553894652192	0.13217241850378297
0.10872785417898206	0.13240416077815462
0.1091054596441633	0.132015883594176
0.10836621349954897	0.13203928376387036
0.10897773227595811	0.13168330930204458
0.10811191033088717	0.13155860627910984
0.10857687880301434	0.13106296460711692
0.10762478305025439	0.13110403123776043
0.10792559513246677	0.13074724008587424
0.10743325248398865	0.13042420852932934
0.10706787242035891	0.1304590077329431
0.10695070606323313	0.13027853609079443
0.10678051101965727	0.12990391886047362
0.1064836202153846	0.129543448337511
0.106952293891277	0.129161053982592
0.10620760001140744	0.1290715762758414
0.10639485802264446	0.12879411447356165
0.10627101783811317	0.12850107869268987
0.10594095113338062	0.12836129737940813
0.10566022026539365	0.12816571390355297
0.10560621630852746	0.12829558760882612
0.10546118285321401	0.1278653899061422
0.10496316969586027	0.12785204709007142
0.10504854093240451	0.1269738751746127
0.10436259508489755	0.1273287558692259
0.10495864083441735	0.12683842665594325
0.10415535179063391	0.12678407208620968
0.1042146676839655	0.12621388399797373
0.10378954029568609	0.1262958061068796
0.1039827524961229	0.12620533347345472
0.10379681982183983	0.125773088280425
0.10373585394046148	0.12560594019963095
0.10315603014122225	0.1252600809613897
0.10294667893882564	0.12524094688970744
0.10277244761668122	0.12499079314491451
0.10274784220412313	0.12442432631364594
0.1024659991433925	0.12491811606949069
0.10221603661903529	0.12415925409707962
0.10238401125637607	0.12419132164294738
0.10197426123498954	0.12378167077148752
0.10214604929014975	0.123663228986215
0.10164517948471112	0.1233503151291489
0.10170445278261757	0.12280885967294583
0.10116937046817598	0.12331650427698564
0.10125561155144225	0.12264674438743153
0.1008345859520582	0.1228985910885384
0.10097160455717388	0.12231655090194553
0.10036705165524	0.12236368030400122
0.10044000779407947	0.12204777034772579
0.10036843293602733	0.12156870389891322
0.10032860360739583	0.1214243300906504
0.09985878065737964	0.12146587378061395
0.09982293888310863	0.12088279882833292
0.0992221635690407	0.12111273576564927
0.09972306566413207	0.12061073471449199
0.09927374713964268	0.12075517065907827
0.09920639267547392	0.12044474723107515
0.09894620919406563	0.12025121655763094
0.09857605256935661	0.11972122450403375
0.0983485832328567	0.1198115151305577
0.09861704884762997	0.11951111715265851
0.09837441229434157	0.11919147068510119
0.09790060676926611	0.11910482253488387
0.09796891471928755	0.11853173750049655
0.09754775637923577	0.11862738462876596
0.09787098780120618	0.11815973268218702
0.09780250641285233	0.11824697812429824
0.09725786733363884	0.11815847736133508
0.09671536232123135	0.11779743590020846
0.09701010332782023	0.11739438682539183
0.09685879340005538	0.1172192064821612
0.09660760227546134	0.11705985974421623
0.09630431312868795	0.11709983701519988
0.09623953632330892	0.11642095723868387
0.09599864657550877	0.11662536845405298
0.09581734767539915	0.11633921940841177
0.09575647238898895	0.11624591969446604
0.09526008934815079	0.11560778818461288
0.0953509827270557	0.1158102358429131
0.0949451642112118	0.11539324662587319
0.09488599184443436	0.11515805534404985
0.09485071249782123	0.11537133196504495
0.09456277500577043	0.11501344830427115
0.09455847699327052	0.11447398958547038
0.09437312649436425	0.11458765456510786
0.09412918447115459	0.11426188334118927
0.09409715509165678	0.11401018835144222
0.09356959472337753	0.11414585980059098
0.09368392086963015	0.11341846819204747
0.09358556542510384	0.1134681330521157
0.09367078782747773	0.11281788804589112
0.09347307876007299	0.11304151875288246
0.09343638931421784	0.11268243298151681
0.09277820856021932	0.11288112601601559
0.09269363346952515	0.11237520564206202
0.09235312432238141	0.1121480959719772
0.09254103312543266	0.11209051074592638
0.09248627873024061	0.11225594875197059
0.09210541544150193	0.11137802498497622
0.09178886460476575	0.11161935649956006
0.09201298662278283	0.11134893277816263
0.09203009008645162	0.1113654860286212
0.0916656539799384	0.11085634834635885
0.09107484626521481	0.11060788444214162
0.09127539674220513	0.11059014338899716
0.09107094781485892	0.11023092545833325
0.09103539788726787	0.10991115231980772
0.0907963630840191	0.10999484296737269
0.0903841497653176	0.10962693325335593
0.09058244305791857	0.10967456685189465
0.09007626063434764	0.10920062853467358
0.0901967582255202	0.1093636901667718
0.08997751715063373	0.10912680486551463
0.08972909051456188	0.1087239902922953
0.08955176716651467	0.10843062295065405
0.08999688059999233	0.1081204666313651
0.08887476929551506	0.10830501469547042
0.08918192863410557	0.10781348284993425
0.08877533109204594	0.10816116613859231
0.0886665382589988	0.10780993026564817
0.08890017159229442	0.10761473897071912
0.08853798181054058	0.1071262562973001
0.08827841592335957	0.10733834125770429
0.08823927563883925	0.1065395666958841
0.08759189237509118	0.10668839799757929
0.08820568592024064	0.10659604155147884
0.08740141995551215	0.1060926384592573
0.08781372687941669	0.10617686163051199
0.0871438480930524	0.10589841442408837
0.08711405253430327	0.10574900944251145
0.08766958897537108	0.10580490736925367
0.08661545295359671	0.1056714844247074
0.0872443905736128	0.10526871433885579
0.08674092788265705	0.10546559338368161
0.08652350937477374	0.10501128889768464
0.08639933422397884	0.1045885715995825
0.08623185864044638	0.10423821133182064
0.0860091922524897	0.10450675876102818
0.0859992374899384	0.10412195277018066
0.08589813809054717	0.10385854469496915
0.08602107375616108	0.10376004785318585
0.08550123960727676	0.10364317809217706
0.08560219234047872	0.1031290274030795
0.08520770086500763	0.10340616345281999
0.08521016509583577	0.10270830446427914
0.08497780139857918	0.10255657772916796
0.08468177450611071	0.10303506743457601
0.08446400945919061	0.10252442720150608
0.08433010535463939	0.10238455060626017
0.08423586554509875	0.1020669611839752
0.08411553461707602	0.10205391083036607
0.08395618099850118	0.10187868551812686
0.08377054634908367	0.10184614118868826
0.08358221250502178	0.10142347475824104
0.08341167925672471	0.10175543184729403
0.0834015654761916	0.10096605978267151
0.0833032479275074	0.1009901485672267
0.08331533459948097	0.10054595559456274
0.082929546717845	0.10053913380231744
0.08285224565677177	0.10059260092237365
0.0823841081360682	0.09993660073873076
0.08298148456329262	0.09985286350987096
0.0824952414578471	0.10030106131829875
0.0820339902310264	0.09970527825270793
0.08206717481080607	0.09954378389383722
0.08182954597184686	0.09907770740558997
0.08208397186485784	0.09913664166656785
0.08193942655299631	0.09903006883937396
0.08175388469675664	0.09880206081528213
0.08132583018454635	0.09869553777731634
0.08114830564958832	0.09863330425599892
0.08114554491111053	0.09817105770609927
0.08070466505738506	0.09793602247362533
0.080855370489054	0.09794680175096819
0.08081764265025428	0.09799041198172947
0.0808285714142671	0.09774056660400932
0.08038790533927635	0.09742065547133824
0.08060785117497749	0.09707348862634826
0.08009299485072194	0.09679038426469326
0.08003466483928467	0.09698357592258569
0.07953715629461057	0.09707801338013744
0.07967759106425207	0.09699068034679759
0.07952063542835265	0.0960840149530791
0.07933622282453823	0.09628961418646295
0.07941696530785894	0.09604876286223782
0.07923292685427721	0.09584767681955803
0.07928175117579252	0.09562134288002659
0.07886282771294466	0.09562519458667038
0.07865093426429558	0.09553444479747772
0.0788980833718982	0.09531391811913263
0.07835911261360723	0.09500124514521217
0.0780921793624476	0.09478728961882504
0.07807639681679948	0.09437761911802538
0.07827010660436913	0.09469304199052168
0.07797091956624438	0.09440096659323821
0.0777211226441252	0.09411547999104664
0.07780747276894691	0.09392652202831868
0.07740341772022895	0.09407883820387629
0.07735415963020381	0.09389724388978408
0.07718857113325521	0.09378225483433202
0.07699336849146214	0.09337271510104499
0.0768636736579715	0.09342514367735007
0.0763512968478887	0.09304994552394497
0.07660678465727976	0.09285419881898462
0.07653539877069028	0.09301772780238174
0.07661648998301963	0.09269859306905093
0.07616812460648732	0.09284645200889094
0.07617893533178265	0.0922091860693292
0.0760475857242648	0.09208837090171497
0.07588314405557987	0.0919749706719565
0.07587240809284165	0.09175514145383343
0.07579861896454856	0.09184488415683184
0.07543103655325713	0.0913041759914709
0.07587349288669197	0.09126243507458398
0.07532070612858358	0.09100359307227338
0.07537496608725863	0.09117229123270704
0.07476022198977009	0.09125170037269695
0.07486485831175682	0.09034079365701903
0.0745938263234162	0.09024174924507217
0.07408162540043353	0.09033814021396057
0.07454079805857834	0.09025993102664209
0.07458092560072488	0.09022869515628053
0.07443151151641597	0.08975423604899596
0.07424653638325837	0.08969995559613422
0.07391926308747916	0.08937418442368089
0.07380694694643389	0.08924909103038176
0.07369655248387268	0.08944743423280588
0.07370692772738865	0.08921773185604713
0.07368149306644955	0.08883964485558496
0.07334015070085198	0.08906316666151744
0.073502169107885	0.08845565878468017
0.07325935330217596	0.08855827157317302
0.07314026420277304	0.08820335503503905
0.07235370286541103	0.08825408894074901
0.0728293909909005	0.08822266045321889
0.07242679500290712	0.08773544163406446
0.07260570020270193	0.0877562895257753
0.07247921427314767	0.08765608972917122
0.07229093201929407	0.08729304094953208
0.07226877440239425	0.0873327942590395
0.07207737959539498	0.0871192270674416
0.07192159460264765	0.08678094504852507
0.0716835969084834	0.08650677707170708
0.07129924493699108	0.08678868095858598
0.07166908441977345	0.08654261453181776
0.0711412372424609	0.08599417186394272
0.0710456263146783	0.08619379493721033
0.07112641561251007	0.0858540585622158
0.07077633250581851	0.08617675625832674
0.07105085463565405	0.08570239736725029
0.07061959438692217	0.08569146925522232
0.07098085014103522	0.0853975725737778
0.07028452355197781	0.08558153561328691
0.07031336015249934	0.08533436886726935
0.07031855003705614	0.08541068133828605
0.07049226681273232	0.08493193957897345
0.06969355080914627	0.08454869137197668
0.06989714569851045	0.08447468870758709
0.06920317266362967	0.08436760717468686
0.06941916190023768	0.08439599940079066
0.06966214186518113	0.0839721938885882
0.06961993627442176	0.08398954827232788
0.06922930949215271	0.08383986944223606
0.06914847750824504	0.0835089571227002
0.06866737859249455	0.08418503110497819
0.06926892476505497	0.08312711751765735
0.06878371102446242	0.08336710470141503
0.06866291677350295	0.08293777972131529
0.06867150471466031	0.08302658236278053
0.06843960342700829	0.08284825075188659
0.0683858892080489	0.08270034106827803
0.06817308602933783	0.08283257866903865
0.06811494075801111	0.08193672325197504
0.06792023093581047	0.08241003931005883
0.06823840778706933	0.0820556089160017
0.06754213412755174	0.08212938349888907
0.06743638435346383	0.08194400775087263
0.06766847704206459	0.08160410238100829
0.06737757920881526	0.08119543532186511
0.06693783668266959	0.08138557778104911
0.06737629979839206	0.08134901265985348
0.06711816327788125	0.08148577556621495
0.0670508264957495	0.08121104407519865
0.06641587214876293	0.08073897192589878
0.0666110908127694	0.08094025289658335
0.06645684258769424	0.08068946065942526
0.06618467016512858	0.08036143430016374
0.0660523504721946	0.08018413572945461
0.06660017662431936	0.08031456654603497
0.06589782001096069	0.0796991721072321
0.06619027670049472	0.07980792105347231
0.06589736208143038	0.07941230505480425
0.0656882192909572	0.0797788817894284
0.06546400537703365	0.07934127726536835
0.06556992576213413	0.07954488667920726
0.06523857191383085	0.07923735501287252
0.06521274362072618	0.07902178961468666
0.0649687225500235	0.07891683805561157
0.06512354566263595	0.07924695825505042
0.06486113731354415	0.07868061284237887
0.06461118916354318	0.07849266166040274
0.06499112567279575	0.07806368416231012
0.06490786242895036	0.07842408959236688
0.06446078149615263	0.07779797370038775
0.06400688576843745	0.0780383929023796
0.0641488438182582	0.07771904348498841
0.06407896336698085	0.07757048707959123
0.06396873796582106	0.07751524292597907
0.0637781090722615	0.07743496833370901
0.06335527293641857	0.07713664915219098
0.06363211525851602	0.07709241208830796
0.06324640329267008	0.07693389822873403
0.06359101293593859	0.07695223542597564
0.06345032459222809	0.07675325937590483
0.06337618450410391	0.07631465343744007
0.06310598304375878	0.07647742066189854
0.06326176890593926	0.0765914720812918
0.06261267019690736	0.07620597720844668
0.06293640368687857	0.07593929437646824
0.06248721815851772	0.07587720945516563
0.06265781562836445	0.07582608134042437
0.06244933862664629	0.07574046456154661
0.0622858230954044	0.07545359444147817
0.06209970443394479	0.07559926910386025
0.06224710450888811	0.07518645662693724
0.06159910232143709	0.07515187074862802
0.061703029501895004	0.0751180624077731
0.06169973458481037	0.07482699050926929
0.06172296380182493	0.07477536180146876
0.061227151663173295	0.07450863435345742
0.06156123624501075	0.07455130182028841
0.061260498342775575	0.07437101059652321
0.0611657054223003	0.07435462509337812
0.061021446460401293	0.07442311797787174
0.06096802968897929	0.07389492905205768
0.06083674218194241	0.07394185261539402
0.060787844732770525	0.07402207698422242
0.06098939212500601	0.07394819740729151
0.060558853251181724	0.07346776117119999
0.06040449373426023	0.0737520855471217
0.0602069570077144	0.0730464213381325
0.06060889931781493	0.07332736154297158
0.06043694413596865	0.0728503157850787
0.05967953790267916	0.07263752111640247
0.06003733609635495	0.07251868196473137
0.05955362679402276	0.0726676686855997
0.059433279588019104	0.0726021612131284
0.05991321809154706	0.07204599559712721
0.059541389830630835	0.07207518256156006
0.05978966284884667	0.07208143931737232
0.05940638832702362	0.07215779111145537
0.059061473839770756	0.07199451214085822
0.0588776670941702	0.07157512137001829
0.05893488883406991	0.07123294653156836
0.05893727584993625	0.0715406445946765
0.058826638823956515	0.07113373558504654
0.05842072851547891	0.07138981108629508
0.058818352972855446	0.07079213816681709
0.05869973108746777	0.07081663190259349
0.058338129399768755	0.07072828855295418
0.058173121405612614	0.07081783591010844
0.05804523209111046	0.0704605505460425
0.058090750187406774	0.07045759859520938
0.058170521285432514	0.07047458737181662
0.05800193241555099	0.07029359864583139
0.058010285595364114	0.06996559880277645
0.05760858307205883	0.07025436037088786
0.057342516432619665	0.07027578753844997
0.05756079441639603	0.0699339927347537
0.05719498717766308	0.06973297624506994
0.05734655029470962	0.06972268644051705
0.05742938306805344	0.06959679280961661
0.057049275791302145	0.06916056243680348
0.05677797832159417	0.0691884577497287
0.057001651155824555	0.06898722414006347
0.056862395472563776	0.06894146512877365
0.05661597200953144	0.06867813164330479
0.05717717687085197	0.0688165525955233
0.056444507647083086	0.0683784256949838
0.05647274477955741	0.06845623508879797
0.05660622384622033	0.06804118807096825
0.05630680089713003	0.06804688932905717
0.056341509261042644	0.06823287483552459
0.05602968668197188	0.06776741033985452
0.055937545862525466	0.06765351842091888
0.055805728839911334	0.0675013670857926
0.05566074543861168	0.06760614890584707
0.05543578802747989	0.06765350581528362
0.05545514297483204	0.06758188169689744
0.055324707167857826	0.06747006023997833
0.055209419924312886	0.06743810353642571
0.05544162484395915	0.06666060989367219
0.05504103930470865	0.06680122201233751
0.05507580115108254	0.066646538655421
0.05488567099298082	0.06690460732685144
0.05474861244128263	0.06647622034324367
0.05477583141420839	0.06634599402286906
0.05475763468521523	0.06650988475475107
0.05424356664097209	0.066246394680155
0.05426822553459556	0.0662655494179879
0.05450881590315558	0.06597392501023625
0.054671419286710404	0.06627280200297278
0.054252793593143736	0.06570446869909777
0.05412092628859742	0.06582388722255042
0.05433131856173244	0.06567340619635308
0.05397928273391401	0.06514096440933037
0.05386399244062741	0.06532812752418063
0.05403038863277658	0.06491477265397769
0.05359983762217358	0.06505485726092253
0.053836737065843174	0.0651010974866891
0.053640819730991586	0.06508954511160818
0.0532445501961825	0.06451312260104661
0.05362387311814526	0.06450352333674911
0.052818174544945556	0.06421717265074028
0.05296166997927638	0.06459916868090992
0.05311999225582745	0.06461654699238513
0.05300078472540792	0.0640218080304806
0.0527634264803938	0.06392986713434325
0.05284144263173486	0.06381839945819709
0.052272465139179415	0.06389437982035198
0.052426891632630354	0.063833949738825
0.052618170450319	0.06350272456127043
0.05225615946925139	0.06330497224139725
0.052092811911791305	0.0634312344168472
0.05222851085511816	0.06314421242982514
0.052174394206827186	0.063055208249893
0.051866213595061474	0.06284280633202718
0.052050544903963075	0.06301871860634843
0.05173353886065901	0.0626025003658713
0.051607860611782685	0.0622843916276195
0.051357355687344876	0.06241178447711546
0.05165012970832167	0.06227196038816187
0.0513934630923189	0.06277626981208609
0.0516928056164508	0.0622090804055001
0.05131926373319617	0.06240312121782474
0.05123672099914911	0.06188004288457488
0.050933663956546284	0.061819452535905754
0.0511079073417026	0.06220025380020946
0.05094081664787933	0.061902020338245385
0.051128012230758836	0.06158993241349704
0.050709174158566336	0.061557485084490715
0.05071571354529729	0.06164094865887221
0.050412871950184644	0.06130192979758893
0.05034957719927107	0.06130889464495981
0.0502604743804724	0.0610657679504129
0.050226939522106086	0.06127692692755981
0.050319009285283454	0.06103768328228283
0.04996302828201657	0.0607830157197974
0.05034854856749252	0.06091075839884338
0.049825672609563235	0.060423624738624004
0.04989201650899092	0.060397410544475776
0.05006137268438892	0.0602175053081209
0.04980273376035928	0.060010946660896486
0.0494084680028805	0.06028220439173017
0.05007565052152721	0.059799684461130063
0.04943824943874181	0.06006317142524653
0.049276131230720235	0.05968438773855689
0.049401816296859205	0.05958933021975512
0.04927043665390475	0.05948829008182441
0.048688946135388336	0.05945698375281028
0.04924115649707863	0.05972076547010087
0.04873835770786705	0.059204745105613896
0.0486662595316009	0.0594020770585903
0.04857999430349126	0.05890258537460915
0.04877472974658899	0.058876669043114706
0.048515079317006764	0.05858183082957675
0.04847639880902359	0.0587814590259096
0.0485138914472822	0.058646011313001525
0.04807604863160689	0.0589077579332921
0.04813975230118385	0.05854098622863322
0.04826217070423635	0.05815548943283197
0.048040123042474604	0.05807371875679863
0.04805590554923893	0.05814161802994575
0.04806854859575092	0.05802700345906749
0.04793539627432378	0.0581024821969066
0.04793146226796006	0.057965014249763774
0.04768720927666126	0.05785621516919726
0.04756407647266196	0.05774160867514798
0.04754698930951914	0.05753152578996191
0.04721220627244569	0.05766183730995743
0.04742775260576504	0.05764510820161329
0.04712337931151482	0.05705911357947844
0.04706803588095853	0.05723095702718491
0.04713277087215903	0.0568800567049903
0.046970126668373045	0.05718977149175274
0.04680796978367865	0.056857148229116625
0.04677195342398136	0.05647842645387375
0.04673322285044345	0.05643821911902699
0.04670830016824721	0.05655762857078293
0.046689927029384376	0.056746884119666
0.046455026229777735	0.056398185794998425
0.04645692844060587	0.056285799462052435
0.04632849355859511	0.05589273817190867
0.04559202138594611	0.05642710977687446
0.04641823638902882	0.05592384217595141
0.04602003566641397	0.056079582764912206
0.046135785146260815	0.055834832347389035
0.04592670192157465	0.055953201480426776
0.04572429537093186	0.05555265121492042
0.04569147084603105	0.055401602484792194
0.04579393494910064	0.05541282501867115
0.04540129589164079	0.055420641903373424
0.045381620522081764	0.055457400302447266
0.04546215987295327	0.05507531930245266
0.04502119465862422	0.05491064353526484
0.04528472077463127	0.0547710850231105
0.045388230944187466	0.054898359929718296
0.044972648148266396	0.054665563438886636
0.04528684063964915	0.05467295287622889
0.044936684193658705	0.05455798255132135
0.04475404176625329	0.05424777539005604
0.04488504392550443	0.05421705518354595
0.04454308085088696	0.05400271091429687
0.04484086953305632	0.05414715621949886
0.044394543699221946	0.05404813538474972
0.04430124255935474	0.054063195713336384
0.044206708628984175	0.05373519821009929
0.0440329418710851	0.05364058892947767
0.04418615772355324	0.05350316932326295
0.044392280947037524	0.05357238426722309
0.043792523150583185	0.05378540728473752
0.043646642320865583	0.0536021667169979
0.04383377575720817	0.05305455425994993
0.04396408134300808	0.05342935878462237
0.04382217032754202	0.05316270973930415
0.043811040003887136	0.052792139732520574
0.043278204280693615	0.05287343180055798
0.043606024333461314	0.05298374700360736
0.04366023201248629	0.05285262742796874
0.0432813327874453	0.05273771771324581
0.04354629021540453	0.05280024021071572
0.043431110521770316	0.05246615769047068
0.043469610327884975	0.052306679572338616
0.04298169075153583	0.05244172150371823
0.04287510896576004	0.05231441207587633
0.04277305402623138	0.05155435852164757
0.042709308808463055	0.0518419790243679
0.042873015006577524	0.051941936177880454
0.04268024085318379	0.05210109445660315
0.042669773539229336	0.05154257160097311
0.04272400381733897	0.051960477868560825
0.04264067840652898	0.05152218220873843
0.04257321131920204	0.051263654348888105
0.04248316120968691	0.05138496692774424
0.042487545165029644	0.05109713763924155
0.04243188053925747	0.05120999716959593
0.04180229400884822	0.05120354356925607
0.042075449332636225	0.050875214574192015
0.04223507443856798	0.05111617473620708
0.04185538732085996	0.05103792358519109
0.04210384152528194	0.051067962928344444
0.041842473679074614	0.05053444315135315
0.04177476609914306	0.05064109793851176
0.04159584304605599	0.050535230282542365
0.04180515554876116	0.05033568203350885
0.041286315905354226	0.050391194462052494
0.04146727925053857	0.050088241265226804
0.041359384217867896	0.05031948738329575
0.04132526315009849	0.04996016072927305
0.04110808832539103	0.05002705372967713
0.04142803494934461	0.04991190130805435
0.04088266651655029	0.049764209943052806
0.041084185309644174	0.04979654854656733
0.041023331317864696	0.04959938129749743
0.040503126551723466	0.049881442417762906
0.040713510006845414	0.04995699998090339
0.040960794335689235	0.04930678657727119
0.040859945582826226	0.049489553111253026
0.04083210533564005	0.04934903615256488
0.040508421680096614	0.04900653348551563
0.04025495776491602	0.04878585618456839
0.04029084161999242	0.04879260340238986
0.04028711647707301	0.04889147988462012
0.0401898832306577	0.04889269094403577
0.04038304109779026	0.04866369701182288
0.040260457609323265	0.048450994151552754
0.03986137182034189	0.04857059095687699
0.03992794485089113	0.04853337827529901
0.03963508863458665	0.04838816651500599
0.039886098914691234	0.04836982024832332
0.03983260644370574	0.04785375394699486
0.039600392874769914	0.04831124161688655
0.03956026293917362	0.047924781011431564
0.03955973419949626	0.04761494120634462
0.03959907324196051	0.047708698391829715
0.03949822681640493	0.047867064087428836
0.03918415457413851	0.04774746152544099
0.03937251274950372	0.04760792981949385
0.039310826593913675	0.04765573276442395
0.03936655656126326	0.04745604313088691
0.03919950777723487	0.047274517949288455
0.038992640858127835	0.04734804916326171
0.03901737425676223	0.04713287621575736
0.038674011620124515	0.04668765772556163
0.03880088651549835	0.04719940807916355
0.038535957459185956	0.046694869211515784
0.038891104669414256	0.04697089665320786
0.038595801992523174	0.04691965313030245
0.038598979465736497	0.0465378852222663
0.038521316365468516	0.04660454891000883
0.03854425799421137	0.04638407478054182
0.03843536231087422	0.04648319564599647
0.038299658217464276	0.046364872266618465
0.03777857222231005	0.04598048192874913
0.03800746628554285	0.04601533447872579
0.0379548912576358	0.04631027845219231
0.038118283031723106	0.04574164055941247
0.03806139100395087	0.04599496484838393
0.037995567845102274	0.04587687991680757
0.037624784701975625	0.046079619826114505
0.037556619835209866	0.04527117816090752
0.03784565989648223	0.04575310253523041
0.03782018719745844	0.0457242265336775
0.037355191338316954	0.04540992238424813
0.037187748800516264	0.04538543294742212
0.03751092133214935	0.04551212992217955
0.037408679384370515	0.04558233059343831
0.03718356230962981	0.04555368448747324
0.037208132997289825	0.04510814513059662
0.03730088446216284	0.04477425668479799
0.037010069531476265	0.04481774398110486
0.037109698006583536	0.04493829187693889
0.036773057739639244	0.044750791255148845
0.03649797957433147	0.04456115050815525
0.03660154882388446	0.04464644986854926
0.036992300174902876	0.04445795858736158
0.03669615623056416	0.044320395797237754
0.0365409582574601	0.044270995820263837
0.036539506004431184	0.044417864621456256
0.036474823701353035	0.043890285518628946
0.036275665837029215	0.04449239851905451
0.03638776952343738	0.044148437283140406
0.036126452788448844	0.044046165643808116
0.03658185537917242	0.04413168733577883
0.03635627303439807	0.04376040314547361
0.03613947879301352	0.04387842904865777
0.036131638405482024	0.043858519770921034
0.03627880917814146	0.04337354206412554
0.03596414822251984	0.04340811159482891
0.03567583397010211	0.04326700425774939
0.03563781091788403	0.04320323530483897
0.035493764140057865	0.04363287526260327
0.03578818814351506	0.04287828783705434
0.03561349524674308	0.043038976355079805
0.03550630766304881	0.04298187128185885
0.035655630202202124	0.042766462246538746
0.0355577358523024	0.04287210390535083
0.03557907839824954	0.04279255634744136
0.03526591103651355	0.04287304218171116
0.03546098837800158	0.04287419854336611
0.03515671513462197	0.04276391721375274
0.03500101210386847	0.042725665969147494
0.035136545991367125	0.042790654516022104
0.034926372098747244	0.042320166860669445
0.03499852013021675	0.04237676781720619
0.03478700126388662	0.04247719586781679
0.034774596095582144	0.04226294476189402
0.034805071708630266	0.04230966292304714
0.03445549114790474	0.041925474104055456
0.03456667522617958	0.04215986572050956
0.0345806146722955	0.041691540404539866
0.034355079846518664	0.0421134614533678
0.03443542482379981	0.041722050023370955
0.03441541102600355	0.0416968531512745
0.03445936081711262	0.04114373826772867
0.03413801754678477	0.041348274876241646
0.03436224512838507	0.041519693663743015
0.034163411290646685	0.04123626326118864
0.03440472789518814	0.04144993908032305
0.0341974163283457	0.04117200371344252
0.03388953335974315	0.04123884674898358
0.03379462965456709	0.040721597923057865
0.03369953148485616	0.04095809286250145
0.03370082182888552	0.04100601864236085
0.03382879906438717	0.04127918865259063
0.033715148781611956	0.040960073579277924
0.03340507861438343	0.04084016939317411
0.033444193617928115	0.04063132430173462
0.03320062511794544	0.0404790786691342
0.0333909691651785	0.04048796379869432
0.03334898102267225	0.040538752091908506
0.0334777170417521	0.04021119048307993
0.033232738243078916	0.03998858554107707
0.033059655249872665	0.04005172968904909
0.03319890871385031	0.039893404301414116
0.032694060915558654	0.04008947475228681
0.033417316069317006	0.0400556494592363
0.033114726768957346	0.03979866763643487
0.032980601771767565	0.04016516810275059
0.03270899068891383	0.039709072420825685
0.03272290052863387	0.03983490142058202
0.032799219471856364	0.03943069194570308
0.0328357277190864	0.03970752739157407
0.03276753403776572	0.039790543901927024
0.03251978087003751	0.03929505787732855
0.032580400890521666	0.03950334749851266
0.03245661303080304	0.039520612072941746
0.032465954286809734	0.039266702714580555
0.03265303119794761	0.03908917609290736
0.03244191626916781	0.03916905897985853
0.03251424926300563	0.039171119738400845
0.03207964679449137	0.0391174450861723
0.03226733717784444	0.03903704986871729
0.03217131073241919	0.0391520469515747
0.03218030453231055	0.03860894764542503
0.031909495033343754	0.038852156550360034
0.03179286695116666	0.038619193977754235
0.03197367329035037	0.038578800138640866
0.031832108488266675	0.03857255926390126
0.03181680258018099	0.0384647084155765
0.03149511232780404	0.03843455139284312
0.031889594248829777	0.038197234878312246
0.03139842040882059	0.038461645039961204
0.03128192687209008	0.03834476054595369
0.03166100609780375	0.037905859486434566
0.03141898338767694	0.03838161810392334
0.03158243956139527	0.03813580705079465
0.03110570894779719	0.03800142749859778
0.0314239941180078	0.03781673586993551
0.031079853202855355	0.037648326114694694
0.031000543434709343	0.03783543779157203
0.03134214167691023	0.03776487748192477
0.03085696869251618	0.03749281368871549
0.03101275104120753	0.03778697865266812
0.031082676174879812	0.037588111694318124
0.03088384443829344	0.03744536626745095
0.030792179505315573	0.03746466478570921
0.030742689577945962	0.03735470722582023
0.030755137709514997	0.0373251231027284
0.030661947342977305	0.03735212964516449
0.03062196572709191	0.03707866203173135
0.030381163303145022	0.037087776721411704
0.03046307835079937	0.037182284065965736
0.030600978417077804	0.03718755564332453
0.030446172603895375	0.036748293423854765
0.030372313741703804	0.03690378742444664
0.030289678139756703	0.03693651057480832
0.030289626440569588	0.03642019879803911
0.030484388926275023	0.036385797146790716
0.030043167600062152	0.03655647666742778
0.029834812767204493	0.03639814128222662
0.030139618034770346	0.03649960620148588
0.029743249355673365	0.03632387436990321
0.030189503366908118	0.03621379663472078
0.029727686645851577	0.03629986951335563
0.02994173949554082	0.036295750313005595
0.02974414505219228	0.03589920453876947
0.0299174660079966	0.03643455576662882
0.02970993729208994	0.03548833960596437
0.02968749829048284	0.035856854708386225
0.029796799969465007	0.03551964361899585
0.02902411495935958	0.035858641472569557
0.02931390027605021	0.03585838051983427
0.029504993389851023	0.03552912590837482
0.029527976084950926	0.03565974051214985
0.029226798531040626	0.03572748960075701
0.029324517963665336	0.035154084455449056
0.029220323210291214	0.03539883651619077
0.029302457015374112	0.035411085811413986
0.02906305260173884	0.03530026353927515
0.029211235037990797	0.035362061405578286
0.028618752929088016	0.0351652293055486
0.028953545006950222	0.03500726266121301
0.028902740379960372	0.03499724878349939
0.02912116666206324	0.035188938573407796
0.028371298539234136	0.034616761741717295
0.02932617877422833	0.03480981928806646
0.028481500476657567	0.034636317095320245
0.028263999419000412	0.03454635202179607
0.02872578900790966	0.03445581759980855
0.028668124495627802	0.03427224798451365
0.02852086256019706	0.03447682435388828
0.02827985217068667	0.034732149604524094
0.028084412987500314	0.03443537988351352
0.02828351262708676	0.03435390980186623
0.028316568023661552	0.03409909444523179
0.028030826636550744	0.03425714383473571
0.028348595590056463	0.03400982188416631
0.028389483011104034	0.03429966163704904
0.02857727767911281	0.034038420659731915
0.027919783938190685	0.03406039177364348
0.02815363236930575	0.03422979778258796
0.027960355701371523	0.034145416421724126
0.028110219270043715	0.03335494793811143
0.02799129404050443	0.03420857572446393
0.02802895417981971	0.03338170211920791
0.02789364105412082	0.03362465445103535
0.027869764908854466	0.033560403331620595
0.027727030707399056	0.033299776086234696
0.02792396492854514	0.033461238866035296
0.02712297722473395	0.033613143185184956
0.027269971752979627	0.03342720455389238
0.027442257186973008	0.03333794002228039
0.027535723739725956	0.0330444060562973
0.027472339371078416	0.033248959067809905
0.027327177845979725	0.03324471398095111
0.027713026707965084	0.03288389656746831
0.02734591753048255	0.033019917731388806
0.02735470016345886	0.032465841403099396
0.02708786951868683	0.03310230319838478
0.02728585987727947	0.03240652394279048
0.02699989786841788	0.032732889168590386
0.02702577383795437	0.033074839495778184
0.02684546499352776	0.032986173492409836
0.02717803098566845	0.032817070555596364
0.027137102644460686	0.03264200790642703
0.026741993577781786	0.03259442361107668
0.026806270831590855	0.03245144597476243
0.026627252585051796	0.03230129374922674
0.0267836818148976	0.032324420503581315
0.0266449668396138	0.032208974050255454
0.02664149974193952	0.03204855812077602
0.026621440982264495	0.031871801002260176
0.02641845653578319	0.032255760379501265
0.02661226999753666	0.03186640010694989
0.026110585595959444	0.03219034570521568
0.026361977835983565	0.03190015232442472
0.026472029970599713	0.031936810224153615
0.026141736099103707	0.03200332990534036
0.026112796604948117	0.03214829231368789
0.02608753792677467	0.03188895114446849
0.026193494479034345	0.031851990744852426
0.025994932755652473	0.03152739022229867
0.025997247137573037	0.031466411861047594
0.02583045164586004	0.03170706673521674
0.026165027715320192	0.031537327258141026
0.026096509274118614	0.031484287534860184
0.025916249457969474	0.031393558935754365
0.025867617181137417	0.031067607534998907
0.026090746508634625	0.031332973602467146
0.025714425016659413	0.031200298310764447
0.02575052762449729	0.03092452725498902
0.02596690444899819	0.031153268425253493
0.025605520301053265	0.03071956905338613
0.025637185639404057	0.031031653370671788
0.025420986492466227	0.03094138506822219
0.025415565152562474	0.03103931176737819
0.025423071807104368	0.0305079211133508
0.025247955147053937	0.0305966594114507
0.025442120706042962	0.031073446380958318
0.02548608612711365	0.030790930696208377
0.02504380523420152	0.03032384483861657
0.025343912299753225	0.030059990440148378
0.025093670118953155	0.030299460783168145
0.025100014539186047	0.030277279856457447
0.02513941195587562	0.030226186630785645
0.025053233250179142	0.03026110655932644
0.02511410010319086	0.030250063471959347
0.02479759402081943	0.03008964798912328
0.025130850762934285	0.030284750704187603
0.024982459393606198	0.030166240802824144
0.024684857279942733	0.030156923559357854
0.024610734588335865	0.030172859082192353
0.02451752686383594	0.030081594531907424
0.02470005749866878	0.030132731513072455
0.024538980458879964	0.029567428794710724
0.024953868947579567	0.029627616381215964
0.024705000463223038	0.029708299150688563
0.024245682538692057	0.029729320677792628
0.024470282349789534	0.029350568768362596
0.024630862788970476	0.029885003311672428
0.024175397090988076	0.029551275964063692
0.024311871371550345	0.02951629470680765
0.024623350564213387	0.029266800010058804
0.0240921932358379	0.029731432086840006
0.024384727551763144	0.029062072432794277
0.024116867502394435	0.029272638324237654
0.02410695065884792	0.029276895536440795
0.02417987482579821	0.02915840861124971
0.023950809762529737	0.029105589462255176
0.023568791717686922	0.029029501939321592
0.023719868996266276	0.028717060436345608
0.02354083795625001	0.028840702059225842
0.023601668148745755	0.028753044781306327
0.02360660393122213	0.029357119327276547
0.023899477640025524	0.028556883502039034
0.023814151416941737	0.02877713364544808
0.02373001648122762	0.028620181828076203
0.023439952481517628	0.028628310364916865
0.023446970753137397	0.028595487605036416
0.02375099638142994	0.028632188851276358
0.0235766242314688	0.02867848103312682
0.02350335928342747	0.028217999259410226
0.023210617709056643	0.02882812794325936
0.023376329285867112	0.028641702552091027
0.02305439463739636	0.02853133936796859
0.02314298899119045	0.028272061644021962
0.023459654396316504	0.02811770657495198
0.022886822541052263	0.027861226534017847
0.023356727188341683	0.028116170860396812
0.023171023511001518	0.02759323558166458
0.02322407486569402	0.02782054532933452
0.023299832995577714	0.027888365282073193
0.022950437737972788	0.027994306201599334
0.023053265214596965	0.02791823950718047
0.022913069588229328	0.02807904584445305
0.022992151701397193	0.027686020411867608
0.022932740742733763	0.02786934896687278
0.022867471012707863	0.027768512661567258
0.02243397364763037	0.027505672299782895
0.0228594494686976	0.028182423537389357
0.022908943511918283	0.027325652655839194
0.02270113006421433	0.027729180490372048
0.02261325633232514	0.027320130541576906
0.022752949450639673	0.027361670834079636
0.022330873377639043	0.027461967803493553
0.022580311637710085	0.026994648013588488
0.022581441076709303	0.027476612173314298
0.02239638109879743	0.02697358486383655
0.022348901153118217	0.026830247608991203
0.022384665102010787	0.026986197290325156
0.022209236237906868	0.027232623712987965
0.022436408123991013	0.026837639738527857
0.022419116805424508	0.02703474147379477
0.021838814186147994	0.027091130146507665
0.022518561159217368	0.027088966448823727
0.021828256439526093	0.026971602856133165
0.022405479893986502	0.026971402822821865
0.02206210786258487	0.026823544035473813
0.021714105708504516	0.026694072865354707
0.022169765412278553	0.02677603853964803
0.022260312899672084	0.026485633883333654
0.022144371772536052	0.026434054549063418
0.02192015869937295	0.02651713120276759
0.02180276882092561	0.026248751195842794
0.02206432370840629	0.02642349076541026
0.02177509354746648	0.026248071205204233
0.02173367836010837	0.02617433714736343
0.021708455618330184	0.025815112773322983
0.02164618946960521	0.02602757120581902
0.021677057649614792	0.025984134171499293
0.021862153237852053	0.02629761831945452
0.02164592136023875	0.02618455294083455
0.02167340894534281	0.02619893434214932
0.021867322148261106	0.026007132096088244
0.021284336936673354	0.026100013480522405
0.02123143243661575	0.025843990206756578
0.021130506846900567	0.02589715647615676
0.02110498670636386	0.02573649414881306
0.021115339168823386	0.025992613102491936
0.021216552419194463	0.025648977987493764
0.02085503802593452	0.02583979408091453
0.02129550393577929	0.02584719237020868
0.021204798340647268	0.025403851155346338
0.021062605191524968	0.0257580060143413
0.020752084678112803	0.025396436258425525
0.02070952709614816	0.025181433757003463
0.02139972814137123	0.02565164284350915
0.021038713346853734	0.02552341996199882
0.020964120455876433	0.025113529446599985
0.02081485281768254	0.025358077305959244
0.02103933170455253	0.025235226494306803
0.020962302949270237	0.02513916751831405
0.020692149718732313	0.025059048873609754
0.020527814572944864	0.025165713264534227
0.021138754156785296	0.024774099053787434
0.02070369346803124	0.02499689179736796
0.02089759426453848	0.02460691168126645
0.020535418537060132	0.024711418770428917
0.02067042613044874	0.025255173019903293
0.020342456489106785	0.024745338042683217
0.020358096827324236	0.02487534138986644
0.020398282277466272	0.024554780086457825
0.02033856925197898	0.02420420341770161
0.020548314487492624	0.02440403162515136
0.020368417710166696	0.02465921865699537
0.019875376384264957	0.02441480963355184
0.020366027541782437	0.024472498591646238
0.020231278031782547	0.024538162868148368
0.02024857532421572	0.024246897468265104
0.02032771081413241	0.024620894417008928
0.020334978107479425	0.024699475490129356
0.02004365106189372	0.024168222074610307
0.02040561820739024	0.024031262276640243
0.01954848828435652	0.024164605812480807
0.02020272982748528	0.024278894374907364
0.019897976797238225	0.024434241602194
0.019621195373111845	0.023905957411653352
0.01956877746060009	0.02432348338061526
0.01962719826688219	0.02428768512909027
0.019549602903508354	0.023695879531289106
0.01991052280686899	0.02397160692518025
0.019397186821800805	0.023919378878752104
0.019848494988477627	0.02415715815776987
0.0196286538845006	0.023839022700863636
0.01941140851856619	0.023939286987374502
0.019623769706518968	0.023815225234323265
0.01975632822747981	0.023948550945054263
0.01976475487288104	0.02355948177733452
0.01942561176272478	0.02381702129998571
0.019878546250993275	0.023456349713312053
0.01957022487318363	0.02336586989346824
0.018994196355618245	0.023647462075918058
0.019656297266690343	0.023521760645176453
0.019304052072947882	0.02323711825746695
0.019331601609673475	0.02322030998996132
0.01920474151622957	0.023282022571559643
0.01952442374741957	0.02340490513410768
0.018853540719992637	0.02332579507445217
0.01927976434250022	0.023325752177829524
0.019067346125362514	0.023325451122658714
0.019279425636340816	0.02294576996735368
0.019100925321695304	0.02315708863469684
0.01883375450496977	0.023185756973932728
0.018979120256375513	0.022867469014362048
0.019071984256856977	0.02314641897889942
0.01868155926513986	0.022553508089451158
0.019105194825180423	0.02258970674079067
0.018883248999403354	0.02273081820265143
0.01876632167334801	0.023182999825316613
0.018654400908936743	0.02282190900802309
0.019048480152411007	0.022836257064476832
0.01846810952242933	0.022951074138475122
0.01882179425561578	0.022661274153007425
0.01834922036960077	0.022940560312435916
0.018499697872435068	0.022595754986129642
0.018675111776800337	0.02281492044215792
0.01855593378700025	0.02261805817264909
0.018731814555834243	0.022379729420378178
0.01846518950635185	0.02220311665617142
0.018603369725329437	0.022546348885183563
0.018455840225523375	0.022448346278438416
0.018534993861348405	0.02238543044331967
0.018400075063662986	0.022323293292667745
0.018446178595906443	0.022619322537061653
0.018245657455128975	0.02259139426064414
0.018240991415358756	0.022406140469944012
0.01845871889883089	0.02235326854791986
0.017968404869060522	0.02191746861034697
0.017968892179522123	0.021974057382131013
0.018126352864998935	0.022306235191808684
0.017802525651152784	0.02194846091898117
0.01793820879116644	0.021767176022980044
0.017989787058450713	0.021715100618353255
0.018119532305442103	0.021784996088544485
0.017769637209929016	0.02206596585751332
0.01754705873676551	0.02168749841080499
0.018013984803831515	0.02171790627650592
0.018029302858671322	0.021336239740673245
0.017852170283492633	0.02169814504321831
0.01793235244176927	0.02160115729179178
0.017874367779246378	0.021590392363188122
0.017447156003774698	0.021730152813598403
0.017676478986557286	0.021577287552327726
0.017647997477634014	0.021423426022377054
0.01741671381426562	0.021474089621776868
0.017638659050505646	0.021348876274212735
0.017845201379612943	0.021029800503646605
0.017414882520762155	0.021543430278458512
0.017528436450510124	0.02121948999448603
0.017451252350696243	0.021528058093575442
0.01742330650129473	0.02114815979842458
0.017024363536426765	0.021393192344145547
0.017636214391259293	0.021325482229028064
0.017513502940040976	0.021370124052727923
0.01740446583944363	0.020576265855956073
0.017421326585127288	0.02101618067509765
0.01693586066728892	0.021020055764873893
0.01750617342852741	0.021060365095673935
0.017450917253617262	0.02091281757651603
0.017323121159899098	0.02102977035993852
0.017415082364253417	0.020925190602478792
0.016993198896944093	0.02095156894986418
0.017101130434566902	0.0206253483518298
0.017406386680982096	0.02051759027162376
0.017123105376834296	0.020834722671764498
0.017234018299352147	0.020701459336928647
0.017101745687283416	0.020688631318136943
0.016920560912878687	0.02047994082682205
0.01688252132892673	0.020551830150379587
0.017051297980534317	0.020869701810474775
0.016806463085387045	0.02060211794694077
0.01702259423952676	0.02050021938466668
0.01693528714603669	0.02035331090653487
0.016813781767386585	0.020484863751021987
0.016685639940279905	0.02011417827671298
0.016913438753228465	0.020275882296248937
0.016827514856097528	0.020235308805959144
0.017169029117550173	0.020550110494073535
0.01664579770911759	0.02034812064420074
0.016450715329254878	0.020313206033774678
0.016871672706892805	0.020293453457787564
0.016498526157460978	0.020543740071038784
0.016749360808094162	0.020066001761750114
0.016471739872806236	0.020384355539224207
0.016549929983139387	0.02000169538720499
0.016210775591181698	0.019819705641903315
0.01625626412335165	0.020292090873037655
0.016592716681373774	0.020007513750746525
0.016163362389739346	0.019632431285187203
0.016502488191384085	0.019536689473144214
0.016570584008572416	0.01976214974825967
0.016400348037283026	0.020181663327844393
0.01652853969016651	0.019877086337403906
0.016275378278523073	0.01960788976100392
0.0158412070635549	0.019661235079110218
0.01607089012103329	0.019533391268751366
0.016479698870610522	0.0194773951419998
0.01608031369763105	0.019563309391319905
0.015944676916601428	0.019899531972967736
0.016078140009378898	0.019231716844151325
0.016039810557792394	0.019744105222718366
0.015830246751721393	0.019433608122577214
0.01578950934015524	0.019363659582116156
0.015858057173713802	0.01926263436545924
0.016198785264864922	0.01910124551904846
0.016270100986534836	0.019232765386697086
0.016078043203885138	0.01911276523258134
0.01586959769077911	0.01889416719883011
0.01575041133157455	0.01926608345728235
0.015734513721580565	0.018800900313753772
0.015725294056564535	0.018888127740450556
0.016043317345366064	0.01919382688600941
0.01581847178268118	0.01909639159989326
0.015354233021524825	0.01903782674357293
0.015315799296928268	0.018738722730560563
0.01550429071770502	0.018891367902378085
0.01540671750568056	0.01867628353794371
0.015605269662024353	0.01874745822119283
0.015727766138379336	0.018968873599998468
0.0158253468417155	0.018649646317905652
0.015314977370916971	0.01851147757893871
0.015466099219782576	0.01882767388536791
0.015071745995627578	0.018827565143408585
0.015312601757312163	0.01840815019833611
0.015334819126175162	0.018577707910839094
0.015400107423544255	0.018657605413026492
0.015322509277730463	0.019122908193151506
0.015076815088024251	0.018316895472081013
0.015491352292046887	0.018651239689379588
0.015243399860851848	0.018606585060279245
0.015420562111754948	0.018283136508887396
0.015276597584134095	0.01833189601759772
0.015076762499476612	0.018179480273246992
0.015246859877217089	0.01839743965685502
0.014901960264159256	0.018061156936666194
0.015162872891909514	0.018231214694673745
0.014991334659415313	0.01850252276455738
0.014560445217538971	0.01808219346052109
0.014667026969521978	0.018488750945765776
0.015064232019166188	0.017979630794617445
0.01472046728366546	0.018135645086549638
0.01479078001501351	0.0183657593145685
0.014773483272444814	0.017822264677235026
0.015107228094877818	0.017689181971536298
0.014871374208778489	0.018247611078104464
0.014920241798328827	0.017692807842433194
0.01500641202858794	0.017773129136192174
0.014592997619911447	0.017808935889328775
0.014864824430389766	0.017644081275057594
0.014710417453901293	0.018140967234917295
0.014728240628835522	0.017999344423302255
0.01449331904643804	0.017949897534113426
0.01454075524129807	0.017862987628253148
0.014792021045683394	0.017478268974922866
0.014469377806358503	0.017968432168419507
0.01460791410639193	0.01756474168887152
0.014708121412139924	0.01766223858406456
0.0147821987426023	0.0173150110636681
0.014292803506560729	0.017843691911298035
0.01456188887436526	0.017437031644680957
0.014384144067924468	0.017595669475809893
0.014450179322358687	0.01732625488740945
0.01440808217837719	0.01760480340290018
0.014356497811010088	0.017268874897990196
0.01430986696162182	0.017539256598023443
0.01446252845027806	0.017174049102359524
0.01414277204924197	0.01718412260738781
0.014194333321553319	0.017330937964919642
0.01424197761854565	0.01701448961409903
0.014129782079657854	0.017465750459673624
0.014320972692838012	0.017110983553471563
0.01412880099632517	0.017246264234898404
0.014232775519396062	0.01664135592401147
0.014557443035478592	0.016945899737180248
0.013977393535106429	0.017006747954135388
0.014078410749077647	0.017372334387137464
0.014090537250400203	0.017067661645111486
0.013953328555380153	0.016926385835385555
0.013745682180489549	0.017133650127914568
0.013998338725022045	0.016746430013108837
0.014184928331186003	0.016715847160783264
0.013698152407375869	0.016936416571853123
0.013842248461833477	0.01676968694763283
0.01371904480641946	0.016698094466722515
0.013693380585501696	0.016852265880975922
0.013783392525466068	0.016817737142207974
0.013738505165144056	0.01699892132664671
0.0139953780037013	0.016826302211263692
0.013945936867720679	0.01669852936384621
0.01373760573695948	0.016959768317150035
0.01364459587654564	0.016716022625729993
0.01366473837736027	0.016817839754249986
0.013553031487095024	0.016617673038772252
0.013731681791511914	0.01668492914944595
0.013614211912395239	0.016668284651722237
0.013667540245997579	0.016428785302079904
0.01361653516262913	0.016675807112967515
0.013780267807192926	0.01638187604483281
0.013299716434998454	0.01648654081849566
0.01355812872748192	0.016845612194850083
0.013272223903500358	0.01652001379118098
0.013520919377939082	0.016466116314971684
0.013069128992139164	0.01657756639786059
0.013568276382832815	0.016028336051688585
0.013141919772497433	0.016189268519684066
0.013633602049923439	0.01640308393166657
0.013401976300273032	0.016104569736353977
0.013482183461212143	0.01629915503255098
0.013505710065092267	0.016422999047619197
0.013182911029248524	0.016221389541444187
0.013311206442007313	0.015926950766894432
0.01300372582220945	0.01604183926136702
0.013380534653710955	0.016135161328116914
0.012549651104549472	0.015665965356031993
0.013236754565835441	0.015944421242170513
0.013038736334236587	0.015791737241672522
0.013411011836466522	0.01625021475613803
0.0133882846787097	0.015737545457838845
0.013121362719120103	0.015698761951730228
0.012877150797454648	0.016241760632617407
0.012975022209310419	0.015716179766126593
0.013175564155239013	0.015564689835654812
