2048.0	0.0
5.0	0.0
100.0	0.0
3000000.0	0.0
32.0	0.0
100000.0	0.0
5000.0	0.0
5000.0	0.0
8080.0	0.0
10000.0	0.0
0.08547494649633544	0.05462441040502294
0.03784463206425013	0.09772271518822173
0.08655615134481727	0.05398323039258042
0.036074629837235826	0.09703405697704211
0.0871966886640322	0.054740380456422114
0.036253370086320166	0.09552221558360047
0.08680214204415716	0.056169080597968574
0.036773164610482606	0.09335210343545154
0.08526134516822242	0.0582927798843718
0.03850399293347914	0.09052891613654496
0.08297683635671768	0.06134189768060153
0.04120184408236396	0.08659691545301611
0.0789548937084902	0.06432082400063514
0.04459288348871903	0.08257968713443788
0.0748152659768135	0.0683244897556825
0.04870239418677396	0.07764935791072598
0.0692284288317798	0.07267763261059881
0.053979755365237546	0.07306633868126051
0.06390806644190311	0.07728621838219972
0.058897526229655425	0.06822549446172121
0.05779573171029353	0.08077992238472022
0.06461631928155939	0.0640936485834026
0.052478332239282006	0.0843823190379026
0.06994201641025388	0.060460031040208424
0.04749539654717727	0.08706494524498933
0.07332073912966887	0.058136031754206015
0.043689133575928144	0.08814868240079349
0.07584492308327993	0.05703625752663526
0.04132820480232974	0.08793630185082395
0.07732243216407854	0.05701436024598201
0.040525026559680204	0.08675338064823776
0.07698443206247134	0.05847633925637493
0.040812290068897666	0.0841848417292109
0.07479908567207907	0.06109728808172339
0.043972406440078236	0.08064674837107125
0.07141496248793797	0.06456420309040976
0.046774710587301455	0.0770461492053994
0.06726989514262399	0.06798347398796421
0.05122058173296952	0.07230165637013512
0.06271114022170425	0.07183685688054486
0.055208546805736586	0.06840096946045374
0.058115990748056734	0.0750610187638217
0.06012127043883341	0.06468993499778128
0.05331969608148655	0.07774628691438287
0.06345463938303708	0.061838668698847486
0.04960262628478117	0.07988983558845965
0.06658970908782309	0.05982521976056857
0.046622307525636224	0.08136100723486421
0.06848990381500288	0.058514800851639015
0.044817815665316	0.0813041867448575
0.06991626209569204	0.05835033371591228
0.043236803012606344	0.08089743353224157
0.0698708112412064	0.05892669520443768
0.04337636918277639	0.07933006314649113
0.06911225359653203	0.05961770577093815
0.04412720652330911	0.07734494483141569
0.06794919697975633	0.061566353788435654
0.045537770067030144	0.07518481195169402
0.06560780294985022	0.06354263202761908
0.04783694615213378	0.07254502243319327
0.0628914268599117	0.06569005243143455
0.050206631501991256	0.07004492752357698
0.060035081233893825	0.06751651954920043
0.05260703372048023	0.06724957423872234
0.05714230863128158	0.06996572489485298
0.055047095499707085	0.06453623078744439
0.05400406301190581	0.07203922247861587
0.057514891102010385	0.06293066732843522
0.05199950572308822	0.07328602226637745
0.05977436002554022	0.061620621281750027
0.0492082967440393	0.07365399701034252
0.06102741060804777	0.060101682943475274
0.04772763691228259	0.0740259068556243
0.061816887033200194	0.059845172926242335
0.04694047270290101	0.07428492258209832
0.06231054462578622	0.05951494421454438
0.046256619869410605	0.07353775437148062
0.0620018699310485	0.05955801950195336
0.04614410526418358	0.07317816360847677
0.062034681458325316	0.06046859443348283
0.046268008515496506	0.07125530902333253
0.060844277218541444	0.06080079893741335
0.04729384721542016	0.07011426640440549
0.05965368820340255	0.061900781996623654
0.04832735103090421	0.06897340836724344
0.05805568558965855	0.06260684679038543
0.04902550851646588	0.06784685389211077
0.05715730745999219	0.063726961405941
0.049537948330944076	0.06621181963417892
0.055826444334298606	0.06415716967744518
0.051030252019497215	0.0654796198223624
0.05488895463852285	0.0651174019775198
0.05141554732251079	0.06390492485454323
0.05395286074559557	0.06547952279835278
0.052233877597364885	0.06360248109762283
0.052887232597007935	0.0659295345340028
0.053041658897648954	0.06303093823569955
0.05236146807185828	0.06583334573671981
0.05295759897755273	0.06217412439924582
0.051272892935607786	0.06574375353468316
0.053413316242750926	0.06169649200743666
0.0506695344870503	0.0660057870494426
0.05415302154116251	0.061148736923186835
0.04970043423060094	0.06618554259954501
0.0539880564139427	0.060729210187847826
0.04903450678242405	0.06621035850271566
0.05435717508688127	0.06022828247743099
0.04894223162384609	0.06620509720598872
0.05440953720389004	0.059874847034288
0.0484602700906474	0.06621000210471657
0.05439921664992699	0.05960130888117193
0.047748061435361144	0.0660308207680156
0.054820350701870156	0.059720224932556236
0.04747040777070407	0.06545310048061341
0.054749772576099656	0.05953763405663677
0.047023059985183094	0.06515411998335131
0.05483124349737697	0.05933000358432233
0.047081212047360814	0.06443068084891225
0.05383641377572048	0.05937752809726822
0.04706818322436628	0.06395709996275377
0.053437772541748134	0.059662117927038634
0.04737512746841651	0.06300676467725515
0.05290100977437531	0.060124461491344316
0.04773789901934357	0.06219971337489299
0.052169720722160175	0.060657926732584994
0.04838696737240558	0.06163577729566337
0.05103593520155317	0.061181339380014035
0.04904569971213104	0.060650850425133296
0.049882591086871084	0.06167566215542059
0.049517570755276	0.05926040021830619
0.0487463121840617	0.06195441741405444
0.050230248394547136	0.0587663434750679
0.04814328247969732	0.06210038044844058
0.05090304062511429	0.05826791374208515
0.047083075645280845	0.06261049183140534
0.05107529011100208	0.05794006942389365
0.04678190748650154	0.06233973694364081
0.05158728783587486	0.0574656786921099
0.04585738721028897	0.06218287729486282
0.05123562317776492	0.057470323049374356
0.0460088261631127	0.061902607369876246
0.051432069992766574	0.05739875273537486
0.04567337624548606	0.061319493531740904
0.051048919578070666	0.05784442785083556
0.046276058632411514	0.06046282004530316
0.05015612886640233	0.05762691648419869
0.046505672201880496	0.060374024539361804
0.04979422413306788	0.0583137243371166
0.046891818479376894	0.05909768962121751
0.04900985097235687	0.05806675743459667
0.047266725892681515	0.05793011444059718
0.04796471272470938	0.059012842438835804
0.04768801602692496	0.05767942441178187
0.04699415301019702	0.05906385679686225
0.04827100457428827	0.056910196780080205
0.04649032880414478	0.05922995110975021
0.048604821443443205	0.05653536425149089
0.04589691520769234	0.05919355693833848
0.04879442696838694	0.056148807789879206
0.0452383604716963	0.05928562349348096
0.048814280658700415	0.056268020802007754
0.0453783147273317	0.05867624433907664
0.04847083624163546	0.05589221103654451
0.04509206162108244	0.05853609550755601
0.048303560526320566	0.056420841929230275
0.04547615845835671	0.05778284920960267
0.047845701613074366	0.05643577147247985
0.04575813925048205	0.05746386748656973
0.046826088359545215	0.0563217387817755
0.046085246927575006	0.05652265583837199
0.046288408948484926	0.05660892134130012
0.04612362453534476	0.05604392747012421
0.04550150596530113	0.05711160009038911
0.04652326729368281	0.055592354414145145
0.04527086018430934	0.05707606110194345
0.04688546557247087	0.05522960721126289
0.04466926246524168	0.05707206605159665
0.046764194438949025	0.054527592038391165
0.044166259452946034	0.05697621652819652
0.046806748341641155	0.054447527957910524
0.044124341991227466	0.05653280930000475
0.04652735352808356	0.05426517891622045
0.04391633449687567	0.05624989161732813
0.0463584405235704	0.05441798418457554
0.04381305731857791	0.055900121521056945
0.04598312732081455	0.05448447472452103
0.04425215235147641	0.05532171891892991
0.04583900832112065	0.054456467578832296
0.0442002559411072	0.05472794449169831
0.04516178709650195	0.05504850039530481
0.04465870501502729	0.05405734451133273
0.04435503929329661	0.054861727643875036
0.04487671208232234	0.053680368135390885
0.0441488895313998	0.055058742224025674
0.045276216908529995	0.05363175916932743
0.043377603314730326	0.05540377762261031
0.04513764871752174	0.0527846513074051
0.042843163226101405	0.05479403548845986
0.045189158439992244	0.05271650471519441
0.04249791095654219	0.05497662193759548
0.04500882309216872	0.05272452467080026
0.0422654570703805	0.05462305833580326
0.04492061793229255	0.05253927545773649
0.04236658300575219	0.05421061639357568
0.044422381593142796	0.05252339824348146
0.042058677270482	0.053598017496249956
0.04433620374985914	0.05258406413337566
0.04247685431100693	0.05321775780471834
0.04379851608943285	0.052800714260238815
0.0428247253612443	0.05294150490221811
0.043495022765025156	0.05273803914994306
0.04255288724144981	0.05270168848104248
0.04302420916725115	0.05262942669349484
0.04313778830832265	0.05189273282654182
0.04286758594490191	0.052769799919683044
0.04312512400974626	0.05185522867832841
0.04204731657386316	0.05263609133670731
0.043577152728334186	0.05124813324121133
0.041858511250593526	0.05272580666205932
0.04318323255544989	0.05116259269384074
0.04147847727503986	0.05249910073078908
0.04335170905380052	0.05099814898749397
0.041199037547639386	0.05224037129357999
0.04289863902299961	0.0506597612118877
0.04100702417148494	0.052320807646117046
0.042964838379614276	0.050262202870168665
0.04087627705023832	0.05186254114052126
0.04283560392969923	0.05041067195680865
0.04069931218728473	0.05155252383758505
0.04261918433783273	0.05053897493511391
0.04052238492897352	0.05137698420560535
0.042030142662538905	0.050516359468793695
0.04081389769696464	0.05077754506150922
0.04216126221827967	0.05038093413885113
0.04106325568601686	0.05101889464670864
0.04149732138460287	0.05045663666232961
0.04097760921397214	0.0503724240480497
0.04138915457393579	0.049951750442000446
0.04055638376332424	0.05021279369345671
0.04111588816717658	0.04992896241373873
0.04116895177373837	0.049771654874798246
0.040931766267441584	0.05012501807259808
0.04058940299864393	0.04926520812928512
0.04078267267118491	0.04981593565487344
0.0407120146219218	0.04952500187692047
0.040330758332404085	0.05013826100164249
0.040574587521679334	0.048836641323601396
0.03973422295652027	0.049993719104544775
0.04058909273945762	0.04870901622612248
0.03980161707155568	0.049524397537600635
0.04067928087490146	0.048477842979836705
0.03947243243646893	0.049512217243293154
0.040900130013482305	0.04820024619505296
0.03928798133080956	0.04982626474893164
0.04076805322370474	0.04786000903809523
0.03897975063427356	0.04948755097123338
0.040586591590355325	0.04767803590277154
0.03893583404667882	0.04928423362369633
0.04056805366725246	0.04811738375707465
0.03876348983528663	0.04923673609225523
0.04028271512207268	0.0475582574045876
0.03864063149362209	0.04901675180576812
0.04016450774964132	0.04719582337243771
0.03877253392294111	0.048716565031367356
0.04015818572256043	0.04729843106818698
0.038281344422878345	0.04852946482353543
0.03965607871859415	0.04763182578311674
0.038027964884805095	0.04817813181176345
0.03953957644678681	0.047803267523842785
0.038516416661657595	0.04762674235668253
0.03933296711365395	0.047839375364198494
0.03835222148397806	0.04737028144221213
0.038662659315814564	0.04756350749725968
0.03851846166198763	0.0467798463290248
0.03852361549182648	0.04797501068115447
0.03882125824650259	0.04655220172316677
0.037917104305144264	0.047536429683313966
0.038918234787671674	0.046118001672293865
0.037939563541996964	0.0473155449266571
0.0388116782344602	0.04560377196863012
0.03760120321340777	0.04740733320457016
0.03925317275494128	0.04572603090191941
0.03693397298072772	0.046882075837471004
0.038638536996086444	0.0455563710759085
0.036933601114879484	0.04703764972137928
0.038537061357921516	0.04579233527478252
0.03699515884368083	0.04652963792813043
0.038870030099207524	0.04530837512547981
0.037021922897205226	0.04615763430378958
0.038331596982921406	0.045571342390563326
0.03682021853597345	0.046207586076312375
0.03772763993196935	0.04556900466014496
0.037098926627259395	0.045641528613194114
0.03777018430152246	0.04566340028218227
0.036765925491198045	0.045544939645570784
0.03732372402735509	0.04560202040073871
0.037371027735832445	0.04514383150730136
0.036732562869191555	0.04547540034512092
0.03695524180330158	0.0449654418096356
0.03656531073312853	0.0454056803814219
0.0370072371626671	0.044592855161716814
0.036399871397616065	0.045527707062114266
0.0370112708570658	0.04426957402712593
0.03593549702303129	0.04505886996979678
0.03697382563424573	0.04400382178102445
0.035967647156313974	0.04514948202235508
0.03687969069159265	0.044072776476456105
0.03560797343574671	0.04510941491489657
0.03662527899473268	0.0442012722270826
0.035914592054048435	0.04458640904792121
0.036728105696191525	0.04399012412361437
0.03583509155603368	0.04446820440877673
0.03647553009551012	0.04415932238492633
0.03579674700991365	0.043981527591339095
0.036339045657538954	0.043852799285415786
0.03553464086567214	0.04397305622850141
0.03618823357690168	0.044088947773102835
0.03544578897739854	0.04385185927178707
0.03545267994593135	0.04382754791100555
0.03536105793683804	0.04348810734034718
0.03564197041726351	0.04321503874255554
0.03559490566963872	0.04343478812072451
0.035406455469058705	0.04331275463340625
0.03549770766662397	0.042869126077098946
0.03527355006486527	0.0434579108643646
0.034964586565669475	0.04320501712477685
0.034863356859920605	0.04336802643742686
0.035171885698856216	0.04310319503019119
0.03523562790648669	0.043379820291351345
0.03529923720422227	0.04294899808108576
0.0349568148205417	0.042799176360940265
0.03498441745824699	0.042630123986298424
0.034648539445759116	0.04257815668278771
0.03479135732682805	0.04234077773696202
0.0347377401272995	0.04254963344885815
0.03428880230032489	0.04225849250615674
0.03424253832121712	0.04228726948168302
0.03462197675272389	0.04222991239474985
0.034004526658318074	0.04234556698549713
0.03433135515635977	0.041862403039936415
0.03408258639224494	0.04226860645323947
0.03474668568529747	0.04093393196404111
0.033765570388331875	0.04196281326133975
0.03420997514492653	0.041335466854346345
0.033738429840419665	0.041892320593691204
0.03443861393595753	0.04155685295095214
0.03393316750734335	0.04199307195705709
0.03417592258616306	0.04126182368854884
0.03342312388551406	0.041544521843535534
0.0340344114368304	0.04123742937432841
0.03332598006659294	0.04137199438783512
0.034041777426410146	0.040818051596886507
0.03310867821655834	0.04136346808206768
0.033771180345613126	0.040960679804131886
0.03329769866925259	0.041465079603309196
0.033359927270590964	0.04076775841398954
0.03335508055528849	0.04096455674741034
0.03342448397532976	0.04045545183319566
0.032817473968904144	0.04089074095591844
0.03351075199637245	0.04072492461547306
0.0330168574548001	0.040912757918106314
0.033138209427086014	0.04064160721818651
0.033076753905912894	0.040443459056517264
0.03308223762619064	0.04039392797168266
0.03291734102796516	0.04013766076063956
0.03305948698239668	0.04065188509483045
0.03299576914146367	0.04009558175219134
0.03239264435656331	0.040200630490160524
0.03269793205315597	0.03984762477584856
0.0326652695922738	0.03960202198550806
0.032980809981590295	0.03953836795920713
0.032873397272798976	0.03980416937682179
0.032530007563948166	0.039506288464974025
0.03218174223068442	0.03984364591348905
0.03219673224143982	0.0393930800183723
0.032445376624807114	0.03943030328515542
0.03245777570994936	0.03938223433404572
0.03217097221206834	0.03958208069061562
0.03253478715029381	0.03936504646342163
0.03205857392607642	0.03923281108521199
0.031808941825814535	0.039215949677863245
0.031747948662176395	0.03884016905222541
0.03201158030353012	0.039282664336116616
0.032100897971534856	0.038514971816272
0.031479888369893655	0.03881763723101128
0.03181451251704916	0.03858842085971004
0.03145101470145821	0.03844449503232427
0.03172438833249578	0.03864440213664693
0.03149679496184728	0.03863181029878395
0.03177497574379793	0.038295912516964
0.03152871133434849	0.038763433574768635
0.031197671574964253	0.03847402493989699
0.031160835444742428	0.038624207330663844
0.031564995772770124	0.03842478153740721
0.030997275957035837	0.03852356064109344
0.03091505924731639	0.0381190313633538
0.03134834959455138	0.03792083612953711
0.03105180952934338	0.03823805135332203
0.031087796130164776	0.0378098320191282
0.030938873029045227	0.03800720597001431
0.031247345050688248	0.037531406356096725
0.03051423143132527	0.03792357119084148
0.03108677864812847	0.037261994972729306
0.03042342290564083	0.037965794536893964
0.030962444098819243	0.03738337718655803
0.030270724588223573	0.03741038802684916
0.031027564591149356	0.03696186964645234
0.030083380286667107	0.03751234921076641
0.030688883821694875	0.03711462924423694
0.03039261304319954	0.03745357869755887
0.030972480590632904	0.036445647079881315
0.029618070932734844	0.037360529569135895
0.030557770409178845	0.03666078091859398
0.02948575465795162	0.03744300416694161
0.030514624876225555	0.03662727623618955
0.029544393980268736	0.037075480816726875
0.03046292201743868	0.03690940609682106
0.029904063733151933	0.036991189539709715
0.030498527717139724	0.036153058809265705
0.02947421978540167	0.03681104301246458
0.030012381573473627	0.03653687019106533
0.029442585699707285	0.036421665022864175
0.02987814684875873	0.03649721428983828
0.02970491226777605	0.03587613226767196
0.029372834714282942	0.03636544177135986
0.02970607093651263	0.03581949324871994
0.029599041660432535	0.0361518598707706
0.029701890329153793	0.035777444343840115
0.02894727228970835	0.036299433172627925
0.02965977216118812	0.035562874115914335
0.029184228814265006	0.03625449360930482
0.02994436148833978	0.0351795949349932
0.028592554686694645	0.03625337665587394
0.029666713098399196	0.0355426464209379
0.02875433824435508	0.035922363033008047
0.02941759679918089	0.03515737361139928
0.02831648675947782	0.03593700488242699
0.029561557013364628	0.035044067679945126
0.02854358792286578	0.035627404412467666
0.029467805745079505	0.03520924904563851
0.028255835364076335	0.03554059735855033
0.02935090277138244	0.03520082665274771
0.028764260755426343	0.03508537039985739
0.028779399966672406	0.03521838725788459
0.028356469467708034	0.0345607058499586
0.02880064843377901	0.03492308812019258
0.02832037347849425	0.03512645597782327
0.028764413840437247	0.03517968710446321
0.0284967476721738	0.03484897018905605
0.028241122878812495	0.03462178463908933
0.028190517116165586	0.03457363167273427
0.028128906426590633	0.03480699477758635
0.028229608064918837	0.03447591908170032
0.02808740170485046	0.03440868759020536
0.028330062955803252	0.03389656246446422
0.027925123479391124	0.03485432781896799
0.028625577770971525	0.03382386566769192
0.027277533037700287	0.03454034370522127
0.02837252751191578	0.034031544379628506
0.027724492472048543	0.034803917359397835
0.02834237002518059	0.03372427830409358
0.027284018903801735	0.03448510834162734
0.02865921875538943	0.03364428334902277
0.02710608169615977	0.03412314471946236
0.0280222300984835	0.033878582996293066
0.027310181816273583	0.03398302924288237
0.028436858943051785	0.03382187872290227
0.02733171440791368	0.03424832021645044
0.0278715472877007	0.03333763244494747
0.027138834396497155	0.03361827311878273
0.027600318985270544	0.03397359146609465
0.0269540004610845	0.033396458690537
0.02733031563954894	0.033159563929017234
0.026974286969309147	0.03337667428157661
0.02712925824488883	0.03351420520603286
0.02711495456212887	0.03332173596031312
0.027044865886659608	0.03333991752949257
0.02707344856857632	0.03313244701803139
0.02671558634577307	0.03321568053317111
0.02716550125085921	0.032821130763698636
0.026957954730659085	0.033128776105050856
0.02734412382338272	0.032821679741745116
0.02650320313460754	0.033241675901611194
0.027528820451448947	0.0324594113774914
0.025911077783712464	0.033386944521844014
0.027060020651758887	0.032094348046957974
0.026347185765815875	0.03287133030008545
0.027305356654628785	0.03201329574682118
0.02589774401041077	0.03287273912302643
0.027289704926438514	0.031956003728778985
0.02596742879113896	0.03261202097767357
0.02687101567645153	0.03189935642963951
0.026035068502082065	0.03221419914018582
0.026672519256520463	0.032157748924136975
0.025959395433048996	0.032782148311076426
0.026206671131262682	0.03228691440829403
0.02597471028702039	0.03215373560903607
0.02618572569157843	0.03213619840779086
0.02606744110085592	0.03169266944954695
0.026021084775159364	0.03202538270277604
0.02597461272173828	0.03151598887354977
0.025885125087120438	0.03186586014307153
0.02623788922239704	0.031364252391000366
0.025071252553899293	0.031988569549636
0.025699098171316832	0.031061263735113538
0.025329397475883475	0.032034567748762816
0.026332742642011794	0.031031651930176082
0.02516061640255513	0.03205184021869271
0.0261819740091219	0.03083031255100102
0.025092112463450084	0.03178350241850542
0.025894324144151718	0.03071709428099125
0.024638766268756693	0.031447478038584414
0.025983853078050144	0.03076282558918088
0.024748646754784207	0.03160039146562255
0.025329724063916422	0.030777185062094717
0.02488309551737198	0.031189550498438884
0.02562723420668245	0.030539805184735383
0.02504408118548744	0.031044909370564273
0.0252863294751065	0.03107470430988201
0.024762526850384874	0.030629100557969278
0.024773872730301672	0.03105523145732053
0.025395683445284555	0.030436239704718874
0.024979505072672183	0.030727311786911155
0.025330613630934713	0.03033394144224716
0.024972244922505174	0.03086992529508203
0.025017205360810223	0.030152748198788222
0.02436193562597891	0.0305840901351236
0.02540607131885304	0.0301628116367124
0.024177028804686578	0.030775724746663072
0.02517968871791328	0.029762914417712078
0.024191187972735912	0.030738676248496397
0.025014712498120886	0.029714073883077605
0.024068279265923514	0.030642190149197328
0.025167148827385626	0.02961117551337094
0.024099336951281167	0.03036853571217536
0.024525073749454465	0.029885609318152446
0.024205666733521012	0.030240481991401356
0.024188174762728186	0.029603466335048467
0.024389215628272905	0.02970775832050874
0.02501665574926519	0.029579190692789616
0.024060137284180664	0.0297315973877953
0.024607305384731912	0.029651529422693973
0.02405676198883356	0.029601361013938572
0.023917288574498	0.029773297266437515
0.024380583600248067	0.029490804280425383
0.023851773478314842	0.029859793064563763
0.02397646332060792	0.029361454473983365
0.023629274908267155	0.02962532088488669
0.02428842212263613	0.02883114486597314
0.023200528234326927	0.029729130423962677
0.023817050725385293	0.028819605064153278
0.023648317288408167	0.02954959584492703
0.024285273246761416	0.028612100193948255
0.023043798137090638	0.029625165318506484
0.023694303557896992	0.02866145981571291
0.02297729555376472	0.029397273484865524
0.023961866310414668	0.028508149271904315
0.02346110151390356	0.029346648216243113
0.023764104131572386	0.028488186813547332
0.022939109282497504	0.028952205317124443
0.02378955367976366	0.02846933432526578
0.023152427009348678	0.02868271012601786
0.02375654252200898	0.028468043818305925
0.023400205694030226	0.02828632579253683
0.02326685977329595	0.02863194359426149
0.023229660450064103	0.028189869876241093
0.023292314698974834	0.028882101359580997
0.023137735465053464	0.02790578668884873
0.022882486684334884	0.02850035939790411
0.02339393473561897	0.02772249466396443
0.022732769325875264	0.028537330429516342
0.023488831782640846	0.027810150926555813
0.022497953088821812	0.028026752868333348
0.022991524858018402	0.027604503914835883
0.02244361365069619	0.028361697041806706
0.02297404095565234	0.027225734534950495
0.022124535241654822	0.027672588809028956
0.02329121231579503	0.02725883863926863
0.021996881653976195	0.028010494135276613
0.02311574827775371	0.027502272213878822
0.021911561117724847	0.02772494090440061
0.023017181171103136	0.02680051517408497
0.022057789934181924	0.027520617523347064
0.023094161295836815	0.027314992409504916
0.021693324713438888	0.02745183616473188
0.022560280494631064	0.027229184028539917
0.0222434105240265	0.027644490519771536
0.022721106924796227	0.027434049188047663
0.02215218437591091	0.027264677527025306
0.02224041832109473	0.027482052555657253
0.02222170132593632	0.027331766954131753
0.022338462226451618	0.027100895270791847
0.02207143386660582	0.026699260111493518
0.021887053192964946	0.02729569044667094
0.02224641029747982	0.026621376808879643
0.0220078341249981	0.02694647816514639
0.02242104763440478	0.026640996011743672
0.021638771939426756	0.02724630844036037
0.02199129874399188	0.02644391407569628
0.021092542210663222	0.026904007616960712
0.022101794592049938	0.02613985908675301
0.021391408202649464	0.02681233529756191
0.02204673139005951	0.026579256917325753
0.021100966253947633	0.026789019823069627
0.021888410158716606	0.026325065657933196
0.0214937305056027	0.026434082829185183
0.022025347869822867	0.026418326992169054
0.021388703078553114	0.02656508316586642
0.021843856819832214	0.026558959043408832
0.02114052952582258	0.02644800748010545
0.021683449573530553	0.02635157770611037
0.021334481294841206	0.026359924246778205
0.02174071504003458	0.026359865825620374
0.021193661128267732	0.02632186388198352
0.021424980466055753	0.02593188421105807
0.02138725884506566	0.025877200506581474
0.020997132161884046	0.02603313062326669
0.02106648017060966	0.025721980424714713
0.020800854568672936	0.02622596186434208
0.020801516715616242	0.025564775448820253
0.020638001978906608	0.026056768494117505
0.021525153438229985	0.025471997609340474
0.02086371418349036	0.02588966150326787
0.020895641394418865	0.025834213363820593
0.020438305519677576	0.025773038287930525
0.020867560346253273	0.025195531821237502
0.020617250142153723	0.025951677888891012
0.020703357810945816	0.02522634403290849
0.020866839588069935	0.02578230665375583
0.02105767768502928	0.02533492416843687
0.020525797140420153	0.02549746467415124
0.021014034718488284	0.025306860074903372
0.02035615511437916	0.025483430483505203
0.020767134265484818	0.024979304251395773
0.020155941718222596	0.025345113459826204
0.020434988161892802	0.025148804279818745
0.020141211523002037	0.025176920353526425
0.020318098574960163	0.02514623538069628
0.020210186217056992	0.025106137843742087
0.020392950721755385	0.02485301206645
0.01995218300111594	0.025304518652874586
0.02017897422989148	0.025204811448326238
0.020274025484683787	0.02470840471245951
0.019722894842796383	0.024736096924772265
0.02030779849395039	0.024721822597285854
0.020027246752768665	0.025201947936614413
0.02029140147156307	0.02462694050772875
0.01979875435540092	0.02468471929901299
0.020448794833035158	0.02421917206665001
0.019502373126370133	0.024745870770216543
0.01986152596256494	0.024115814574387735
0.01998094834344737	0.024599529772822218
0.019861150396308216	0.02426446424097024
0.019657317563399924	0.02450529580654775
0.01969835256608666	0.02369627106377442
0.01944509081276581	0.02420071050256029
0.019878846607700496	0.023974833644847784
0.019657731039989513	0.02403306246327986
0.019676739487278303	0.024027250387995296
0.019481927450953573	0.024335915141598243
0.01991020579368642	0.023759331985162557
0.02000638916110434	0.02398859328409088
0.019601619761027474	0.02407181981910942
0.01945906440240031	0.02429631859869519
0.019283074045423673	0.024378838893664916
0.020111160047497377	0.023950072791741286
0.019493026475019524	0.024028117368224924
0.019894181212869632	0.02384191781742101
0.019414469804074273	0.023791008976651706
0.019559237999458298	0.023665184835507263
0.01938997704637675	0.023638469199299825
0.01976764462822993	0.02333227999524848
0.019137134956919512	0.02377508434114603
0.019168019266994737	0.023864788379490316
0.01874544169556018	0.023575701519496624
0.01922939987219281	0.023452778911030096
0.01917367518750798	0.023596902759140514
0.01923421569500438	0.02326814758964465
0.019312487740860203	0.0232892490533894
0.019023550484174943	0.023123085814508556
0.01881238185281775	0.02311631915388628
0.018743927635549183	0.023460651987390183
0.018844460650085867	0.02319856370200966
0.018598456195052345	0.023189925842900905
0.01857409355587925	0.022807272200627723
0.018901993369604648	0.022906821442329004
0.01866525421267504	0.022867906081567968
0.01873338662422099	0.023155964147522332
0.018787102679175924	0.023041297269213962
0.018405478463324448	0.02306350934293528
0.01848830370575988	0.022508285738371835
0.018916681490189116	0.02303847828401451
0.018464035630523883	0.022743631172118587
0.018323015177009183	0.022666675935277162
0.018580021147186893	0.02228047070256092
0.018138376382647783	0.022427878834818393
0.018696687948513927	0.022213036720573846
0.01817661765674139	0.02301834093138009
0.018303975608513646	0.02236863348650394
0.018151324857998682	0.022475474487986362
0.018390362155154872	0.022260561491054917
0.018042404573416743	0.022560358077718785
0.01825175272708849	0.022615933693605712
0.018372197910877186	0.02252963736496266
0.018550922814097398	0.02236701341052909
0.01825908861711618	0.022522857096332605
0.018174824563090827	0.0220305459520842
0.018134103430239953	0.02251875020540889
0.01782706729846674	0.02190801756621793
0.017869945276019653	0.021938535267103966
0.018602508753093036	0.021821777302966142
0.017733556235905418	0.0219516451170193
0.018236308184317155	0.022192079287329573
0.01811314663778215	0.02204131586589738
0.017730464039780968	0.02158249633176366
0.01800378274196373	0.021692842033415607
0.017738146108766416	0.021618155914832897
0.01810138626567463	0.02149535411434254
0.017611850051548666	0.022023772271715543
0.017499631693201356	0.021609804286243255
0.01765723320355722	0.02179335609982905
0.01801319982021424	0.021231878645822728
0.017157086289363303	0.02200302727557028
0.017925001802390945	0.021490968029257682
0.017281123836040906	0.021801567505138675
0.018069066750201836	0.021068928468155904
0.017373211943938857	0.021387760009013983
0.017386680644481633	0.021572414505640118
0.017189551765149056	0.021494647697756754
0.017501083912124286	0.021168534171996732
0.017233917584476333	0.02105156401694778
0.017427012971628547	0.021062047936072054
0.01728265335146943	0.021362528959349515
0.01754038078552212	0.021255226298255527
0.017145446330235504	0.021062906519981096
0.017268408325601874	0.02096295719876681
0.017348891622920973	0.021103265983170624
0.017307143952119748	0.021395884404176314
0.01745682908450753	0.020798608376809285
0.017365126102206016	0.02105229922893733
0.016894506353170698	0.021110892048808467
0.016866733628440246	0.020937272346775844
0.016933978723122755	0.020466459675007764
0.01722494051049614	0.02085111602256367
0.01718736960670748	0.020580313030330595
0.016821532909685404	0.02095374965969503
0.017234969759177297	0.020338550630205413
0.01666540661157021	0.021144104746920127
0.017088481183248717	0.020434792634643238
0.016710274087255776	0.020673035229447977
0.017130145732375653	0.020365214075616644
0.016273844266204575	0.02078625715089428
0.01708381096159125	0.020471585060167437
0.01676828200397717	0.02034468051099579
0.01642905819407083	0.02025923818005013
0.0161800281092251	0.020347185409383902
0.017002250083477097	0.02038267849432973
0.016776093566310647	0.020264068827026544
0.016639277651843122	0.020167579287666132
0.01632506094374076	0.020122927868013157
0.01661563008410981	0.020150129938546833
0.016215276084257844	0.020266230736310356
0.016602410739433474	0.020088810408755868
0.01660651927523045	0.019822536797073395
0.016272963901794387	0.020199735953322664
0.016309720183069	0.0197907188597043
0.01589520604786125	0.020149773841254267
0.01641800431055233	0.019405980984683168
0.015978952098419565	0.020300543113010498
0.016439881163533468	0.019777084707932654
0.015795450895861405	0.019903065346659372
0.016162692692439487	0.020118368363960474
0.016060487891946463	0.019749135585073446
0.016469079251392817	0.019456445149187866
0.016107785128208485	0.02002367291090782
0.016029861342302033	0.019373977655844928
0.016005028375118913	0.019337451864889218
0.01666736964309826	0.01972505709744378
0.015939425344353476	0.01944019456848582
0.01621795205721691	0.019203347214184
0.015636754235333387	0.019487654235634016
0.016160286824508048	0.01934866239589648
0.01571830204578248	0.019666104700988365
0.016196026952419694	0.019389156917105604
0.016136851013952618	0.01978338072797187
0.015275496368150062	0.019688925787592407
0.015791877736596856	0.019315697956333474
0.015868297845281584	0.019816515082076283
0.01594732586713831	0.01924169318621768
0.015459594237967346	0.019157925910923072
0.015852100778202014	0.018881113583252923
0.015643330461072788	0.019653086261166932
0.01547174957268913	0.018937897040825404
0.015807050470897126	0.019282810482823372
0.01583291912486014	0.018919544101717607
0.015449263238330166	0.019301598546831084
0.015299334246811416	0.018846900746448306
0.015408922078292132	0.019201260275892362
0.015663976799213976	0.018867998406136947
0.015372640426634688	0.018779290977229957
0.01522910305616833	0.018670427772850585
0.015278505890952337	0.018618237610469202
0.015450265123586694	0.01893366674361194
0.015289264020463756	0.01895925057131389
0.015263758258917385	0.01897387172213735
0.015061746477028232	0.01868649028035118
0.015694900512160284	0.018567065497543705
0.015301227306472346	0.018868486302945423
0.015160207150858782	0.018587414042492475
0.014980421602684096	0.018601253490413163
0.014881513540491444	0.018283267440828165
0.0148343713531263	0.0185974812753242
0.015253961468073226	0.01880404773318883
0.015135084535980427	0.018426130059592136
0.015156119983885531	0.01826996931977821
0.014903554694493379	0.018647348767030857
0.015087880286929735	0.018341849232292966
0.015192730945211813	0.017951634057748484
0.01502024217530242	0.018453585743234364
0.01491359256727794	0.01817453376425177
0.014813901585653714	0.0184109884447427
0.01501010869305211	0.0178910142684236
0.014756963970487775	0.018171795802739775
0.014943443742602522	0.018361351521420488
0.014508452438754952	0.018337286803262756
0.014781701958632461	0.018185464903633656
0.014494602237229896	0.01849071618490747
0.014827941235144549	0.01807042381690236
0.014411378799643902	0.017812999377486344
0.014247040768117086	0.017688517882151283
0.014747566670051997	0.01774442912054718
0.014786790896543544	0.01775115356262823
0.01480548719696635	0.01761266766480433
0.014406133503857391	0.017959578067180963
0.014547341724188412	0.01759148807114259
0.014256873075163812	0.017905215948486177
0.01434172234683635	0.01784890117545288
0.01426971121250817	0.017676221721318667
0.01429469200401698	0.01754368804214635
0.014591712564856717	0.017801258964540635
0.014446039794337284	0.01733249609182877
0.014543511287054918	0.017386843372924125
0.014335311960773329	0.01753582840517022
0.014180058335587655	0.017702497829247807
0.014472871148048395	0.017227874522593462
0.01417053533477229	0.017869601974785616
0.01424864924516061	0.01745214391870531
0.014038412195847717	0.01738181890932894
0.014436590392195464	0.01731458457980156
0.013956764742939273	0.017336076527126598
0.013975464895722638	0.017162039763998185
0.013930663244192395	0.017141198713702947
0.01421329915453336	0.017516301058483646
0.013845358593021717	0.017220077598594976
0.014010305046327975	0.017484782410064875
0.014031988501062851	0.01706932648286461
0.014242844872828665	0.017039154922194294
0.013830575379016354	0.017104205108867756
0.013952478117339748	0.017149747171964807
0.014039603579431492	0.017145448929314664
0.013672019247348483	0.01695057466141334
0.014070768126376788	0.016743134687776096
0.013737046511440911	0.01694292376039673
0.014005356285378955	0.016768877542558562
0.01403666840062243	0.016796271327181707
0.013731810264494566	0.016883067432872
0.01335761862721929	0.01689757322804382
0.013801856783439759	0.016527991998985487
0.013540352194587792	0.01665070537792463
0.013958599170712144	0.01677121028387077
0.013891925831714027	0.016456249364762632
0.013759350022061214	0.01655802348916889
0.013675762326280864	0.016735861277022625
0.0136523124680004	0.016411092549955604
0.013283945111441178	0.016422402780805454
0.013590957124758529	0.016568182305336118
0.013384537647637348	0.017041018722726564
0.013642671217202107	0.016570452881012977
0.013477994865246597	0.0164494198503942
0.01357104763794247	0.016321804344135372
0.013331450296481924	0.016255762460852478
0.013662922523229072	0.016579967335673282
0.013376353032246439	0.016734035954027414
0.013506349412531028	0.016080902109221466
0.013607792414016592	0.016376367034762362
0.013113173482072953	0.01598313785471411
0.013227906276152081	0.016271678240770873
0.013132636693351811	0.016558795097696852
0.013149292694004455	0.016440458933877973
0.013284705345257821	0.016407967156930655
0.013046690528049014	0.016098346128055104
0.013027527827914998	0.01593979740777659
0.013189724936445527	0.016089364611207527
0.013247254149418613	0.01591104938644219
0.01331597072310881	0.016333837955152374
0.013176191095903837	0.01598828014875902
0.01295281874107101	0.016025551893737333
0.012983075412936876	0.0160882273179491
0.013196690278861	0.015789233879926725
0.012908610710071588	0.015849741880821434
0.012814565907098504	0.01565169170285959
0.012770930966116301	0.0159124135727119
0.012815956215028512	0.01561952755649398
0.012824900569686475	0.0156070472889118
0.013073997729432045	0.01562937512585217
0.012500610419351806	0.015797656762563284
0.012700044117989907	0.015512448558594481
0.01265920942127001	0.01562239996364583
0.012651450706680289	0.015548362097647483
0.01238050958238144	0.015657473289398826
0.012980478183299383	0.015479034945713895
0.012290035780861228	0.015521495957008
0.012597757939527495	0.015466300083139074
0.012738386694302507	0.015546548635974265
0.012952203924968205	0.015628668486629273
0.012342247147971375	0.015458803622154346
0.012547648946066602	0.015176562972525929
0.012499072179796972	0.015442500216597587
0.012361136506819111	0.015262253105046194
0.012573998976718574	0.015197432880993686
0.012634429601106653	0.015560284026328792
0.012679016730465143	0.015033913067887188
0.012107721746383963	0.015399115415803452
0.012459566625192325	0.015085938225355325
0.012640157122385769	0.015137596260688549
0.01230958768359211	0.015280540455609245
0.01240023744821802	0.014931531057370401
0.012318233357709034	0.014951238925556994
0.012197785965201985	0.015081183618902727
0.01255342339401932	0.015155973882332575
0.01219427008933794	0.014794739758079836
0.0120409310452144	0.014848184697968081
0.012509170771694148	0.015025272484227439
0.012214370420913298	0.015234225021084694
0.012162119606114881	0.015043077086621254
0.012103999132160615	0.015014231676889934
0.011926531309203847	0.014810943460257252
0.012138651349057164	0.015463961489334939
0.012087316889136373	0.014701573550712358
0.012108679563836856	0.014798168149232713
0.012516385830301922	0.01484907176492602
0.01219498662995194	0.014965981085894333
0.011769327341423582	0.014557562782338954
0.01166181952232971	0.014725758234221103
0.011860954243948986	0.014468566739226942
0.01165156172433127	0.014585749783211926
0.012175085501611723	0.014512853800705865
0.012087405751669444	0.014554938380673121
0.011846015066997369	0.014250538629061428
0.011889961148273745	0.014542356904361651
0.011774951883698193	0.014365014882445262
0.01176091948584865	0.014302511374339289
0.01203619028811097	0.014303013963371768
0.011771717853714541	0.014287158119929255
0.011824422539897463	0.014455126881482625
0.011720692455887383	0.014515797880412788
0.01181415831266563	0.014376822309898158
0.011699199954620078	0.014132910992714142
0.011961694059059533	0.014299912646079101
0.011531110188241815	0.014729520256632541
0.011624567422497671	0.014430700225456283
0.011459412788421762	0.014562870330212616
0.011782446506433383	0.014188893504647405
0.011575424026518767	0.014509302238697588
0.01161864962287137	0.014461856917816302
0.011664618057581224	0.01413343150078588
0.011199749585870354	0.014192915657437117
0.011830882415572808	0.014010584238383883
0.011224273554729764	0.013894860803662437
0.011146889902550132	0.014212699959910868
0.011484945397031125	0.013892136098134139
0.011575779191089998	0.013588315542956388
0.011318533607620042	0.013933206299905354
0.011640961865814013	0.01425342344368273
0.011130883494472341	0.014179352792386767
0.01109109722440453	0.01393012421132419
0.011313758986414468	0.013767375345868067
0.011164488797028322	0.013692228028952225
0.011261901102992994	0.013934941195980072
0.011534570706063708	0.013575911636936127
0.011039489306660667	0.014040964483959957
0.011320697625643035	0.013941426843920222
0.011049369231423908	0.013871839869309649
0.01127747772788476	0.013758503941339751
0.011677759728514	0.013900597626424756
0.011188477046348545	0.013983458778288242
0.010978455502721631	0.013635214388396372
0.01109955281818215	0.013584729082912299
0.011206850029965618	0.013461870525036187
0.010701587410918032	0.01354846765747976
0.011001295222202218	0.013265616709438358
0.011086992916204472	0.013748238413342656
0.010948554198648125	0.013314164808649838
0.0107933384171309	0.013366598823194104
0.011089165852474669	0.013116965331701251
0.011038651055851986	0.013620878160771503
0.011147995155823638	0.013271203212865653
0.010766214160359264	0.013376818052707407
0.010937147047217877	0.013188128140440614
0.011292215489285532	0.013496605757219171
0.010850125801414442	0.012995585681350747
0.010451474326662505	0.013217451679381608
0.01071559665672239	0.01330197751356308
0.01070358016958908	0.013419515479335797
0.010860476478900241	0.01327034246878947
0.010698696860518985	0.013165321841273371
0.010561231443830397	0.013264585235639543
0.010876677019740967	0.013070176173767392
0.010612076899647323	0.013298520330026748
0.010585134821649158	0.013013056226119639
0.010499300806903577	0.013217387000495219
0.01079981069603132	0.013264406430847999
0.010456198110037219	0.01319188243419085
0.010629057350007624	0.013019345132817998
0.01082045086339349	0.013041233485514543
0.01050864757726698	0.012714580104382782
0.010162806171193828	0.013211007280836743
0.01063388210538232	0.013200844160197473
0.010319260463077578	0.012778039377888163
0.010856904624721754	0.012925454087506899
0.010594404502303527	0.01276166611648152
0.010339341332488297	0.012663780699925435
0.01048424407203788	0.012573217069421973
0.010459562499836856	0.012664380644288346
0.010257713906359059	0.012855327750897967
0.010540220343274734	0.01267578600254251
0.010387526205162232	0.012463506212805356
0.010842215414627767	0.012803442548822697
0.010661982311346303	0.012897344161920014
0.010505497577877951	0.012730040161125614
0.010344846448262454	0.012861627444235847
0.010144286727350458	0.012279437140119219
0.010263667446572004	0.012814354365512133
0.010302068251523806	0.01227759360455117
0.010083872904707638	0.012463571766375862
0.009825289218540855	0.012611330042301153
0.00995819398977897	0.012470054237261649
0.009914867115416521	0.01224417089350203
0.010076958032300487	0.012538309332325043
0.010114590734236924	0.012706875653207944
0.01040436460896501	0.012341341865036963
0.010299565937864137	0.012364354352048936
0.010247267183305491	0.012301962718058283
0.009654645728601327	0.0126050554296634
0.010196799885424053	0.012506100719696328
0.010209028494871878	0.012254549288692313
0.010182960455044862	0.012065326607610848
0.009980165531027138	0.012499445024092446
0.010331271510561783	0.012361864463809932
0.009624928675150558	0.012379136527779031
0.009840725163152837	0.01219877879396633
0.010168750933434707	0.012228409376076466
0.009994028579211611	0.012221044318412894
0.009749237410040591	0.012192098106978598
0.009796754597991841	0.011750321634125392
0.009558455003813261	0.012306559882144373
0.01002173355853962	0.012049882407137951
0.009590832517656387	0.012134843404354242
0.00982165181529571	0.011991888381038998
0.009840754559695943	0.012169693057812314
0.010011692210422618	0.012057113989984363
0.009502346524768836	0.01165891905886731
0.009869878574232126	0.012153437196884696
0.009669538690865244	0.011845338345385852
0.009756272831876234	0.011722082968890343
0.0097972905608335	0.011956584513382882
0.009065024138385093	0.01222843180574357
0.009548691029828691	0.011636860455507827
0.0096249456551076	0.01209443385572656
0.00981042300333123	0.011946167148894887
0.009517040038015389	0.011926199869335356
0.009472204190044183	0.011957876272476945
0.009513298553063784	0.011958391689467284
0.009765468402318764	0.011774954649756243
0.00959466555047686	0.011705333023449949
0.009659504650375806	0.011792042655178137
0.009262276693637534	0.011823066621033211
0.00967455453124776	0.01194354694308232
0.009644468135168225	0.011663306451748722
0.00999945793747759	0.011701637339239254
0.00913836455127224	0.01193424270264585
0.009176998593148534	0.01108551425554132
0.009380398344763964	0.011693589962787548
0.009262728631160507	0.011687798812415252
0.009567524928172137	0.011648036003195656
0.009711991535210608	0.011785827456205841
0.00928476826011983	0.011714326667423546
0.00921258731274922	0.011805335535872282
0.009325882709474022	0.011667253026329264
0.009207869496616183	0.011363788511378219
0.009058525609235462	0.011431334948940414
0.00902588411519705	0.011536564580116372
0.00961720948801534	0.011430950249816045
0.009352654946820098	0.011532457220041687
0.009235227102986158	0.011165373791313628
0.009267399464576385	0.011299064226105179
0.009226247779809236	0.011005955379268333
0.009051716387850801	0.0114448003551188
0.009765433805492827	0.011136246676024895
0.00916434588766483	0.011290538857358257
0.009066728211961734	0.01109921274404594
0.008594468706427463	0.011363304024880965
0.008915420863015808	0.011202437691617353
0.00895529187458777	0.011168305625097973
0.009284858876825551	0.011112443364082913
0.009111950410170412	0.011432398474209156
0.009011736478036554	0.011442975299288166
0.009482423121996698	0.01093088829262614
0.008919789726723137	0.011033817874549899
0.009358438074704352	0.011184112889105351
0.00894241357404838	0.011174071724283271
0.00954149889736152	0.010823486753191667
0.008949920800420463	0.011092518684036197
0.008992586732128124	0.010984324986611647
0.00924623435853328	0.010738151722797329
0.00887953383203347	0.010916773480468578
0.008386962740215893	0.01116002925475559
0.008571514874215907	0.010807132308944294
0.00870959767921233	0.011132395783487943
0.008485834416291336	0.010950207874841267
0.008907482509122412	0.011084689272531386
0.008970224750292239	0.010916851797283012
0.008426608277065437	0.010654061334348834
0.008840959001729367	0.010508852527792467
0.008664073068839545	0.01021155973377082
0.008651953575851488	0.010941040863342546
0.008652612297124627	0.010725268977896368
0.00848100605557395	0.010680340404753035
0.00880581814841675	0.010430859425418288
0.00895300950331126	0.010641334277926386
0.00861581623810642	0.010513808527591643
0.008473849660125607	0.010536139231932017
0.008808435410911676	0.010717147396435483
0.008809446682459953	0.010775218124041863
0.008797875131410933	0.010576137151209515
0.008660438433470401	0.010661121178297239
0.00835543089675956	0.010085136572540286
0.008571576520950164	0.010656366586455508
0.008879571901689459	0.010110188046564095
0.008383973315122887	0.010665916374079447
0.008513043858047206	0.010559642078672413
0.00836526493869335	0.010520547661930026
0.008694946230488639	0.01034467598819844
0.008090501873706735	0.010460146080923056
0.009018351061072264	0.010551983804059046
0.008000122020083067	0.010643962375607031
0.008504533084931525	0.010460755053998778
0.008030173815717204	0.010240419123253422
0.008744734259638013	0.010224828659413725
0.008038791257815694	0.010134266138043323
0.008245946193834518	0.010032320916159345
0.008541542252062701	0.010426826290527286
0.008132077611636788	0.010279076126370142
0.008363372056001484	0.00996128087732015
0.008217653043423392	0.00993257467684606
0.008537332255971005	0.010106183281058143
0.008326119988806585	0.010673952432545588
0.008345624950824762	0.010278041357158253
0.008117477670059116	0.010316283243824421
0.00819451849801748	0.01015024324219101
0.00837811333915522	0.01020436508656946
0.008083007524410418	0.009984711284182548
0.007848926360043708	0.010391480693806108
0.008452412690133923	0.010098494124368551
0.007773588956465858	0.010453480795746524
0.008183720917596442	0.010101913595634178
0.008044776678741108	0.010071736153656976
0.008425834115606838	0.009789103557757311
0.007955408971125047	0.009989741984285365
0.008172591754921911	0.009685514037058843
0.007972373877276907	0.010137468784569031
0.008333319564307128	0.01019229579808451
0.007687105868480762	0.01006958984499253
0.008129652363478368	0.00955925093220694
0.008124648210553111	0.009654972138750923
0.007991013230057525	0.010223243672441545
0.007969830436522479	0.010270026831098775
0.008231319388518893	0.009732805620565712
0.008038311677802166	0.010003719862117256
0.007959102011153053	0.009512558071580092
0.00808780855903185	0.009441836486188914
0.007899945477201424	0.009813382311558401
0.008381960878292233	0.009987987977226631
0.007883670165589388	0.009842398781617747
0.007917416342057934	0.00940002904015067
0.007785090473325923	0.00995400854469542
0.007814591873714265	0.00956260144169608
0.007534116219065027	0.009544018062199604
0.008204375449088093	0.009651353002426045
0.007511212439722813	0.009595693052221844
0.008046529200270689	0.009530663714417562
0.007631405329712235	0.009753260406927755
0.00791053352720957	0.009688359680767344
0.0075340221434371385	0.009619211178126108
0.007899745452902382	0.009404429945761628
0.00767103493990752	0.00986082433665773
0.008007607963571873	0.009395097674066204
0.007324420127009583	0.009479011596388476
0.00813544046732075	0.008975292483794504
0.008081647963406418	0.009716189490508223
0.007637551938404902	0.009699415158991424
0.007663074896485852	0.009440228855313234
0.007687875429298164	0.009366778800339403
0.007751007624023174	0.009237369229168407
0.007733393434905023	0.009326843076343919
0.007669757576343297	0.009280077780911796
0.007536673994562551	0.009049363370926707
0.007258437218269545	0.009497680994135112
0.007534991698129649	0.00921889943646942
0.0076032610873237785	0.009656498297262098
0.007603899191940585	0.009139125428389131
0.007402174548482011	0.009339800549095197
0.007738189828123111	0.00891708226190429
0.007880869263001543	0.00918579646170415
0.00781503781694071	0.009210208597116614
0.007761231062872114	0.009449060954444272
0.006996634455284773	0.009439334680103382
0.00747832664357289	0.008968486680356191
0.007251113905377452	0.009368313645102481
0.007520282082033991	0.009242867383822205
0.00776518413036414	0.00949457964913288
0.007629031033221727	0.009199118702886817
0.007613919266931136	0.009002613456705678
0.007459271280995075	0.009031358779496642
0.007230757286435944	0.008925828972170018
0.007518224697462438	0.009362130337604978
0.007277953878414806	0.009060774271777382
0.007321891553393116	0.009068736530199642
0.007357629574767722	0.009227750021194553
0.007128572970867461	0.00877612647843137
0.007447028778011548	0.00888633752513283
0.007211137701403713	0.009164781820756899
0.007130775064117171	0.009102091860366276
0.0073735526774872575	0.008784932071270402
0.007347174074016149	0.008811923148841008
0.007059453162128807	0.008907938056883115
0.007264329122943181	0.008519624503429975
0.007372346957804304	0.00906336453297598
0.00727132166563127	0.00861529305227193
0.006835803924583798	0.00871017050163394
0.007242119816078226	0.008861913959103716
0.006951459589836482	0.00893010637095276
0.007113681238585768	0.008812109239092045
0.007184437588308721	0.008805931682585554
0.007202969861099201	0.008847204540441966
0.007283061013238159	0.008929198516740924
0.0070340532883465335	0.00859235480564235
0.0067977830882365664	0.008292341903221341
0.007081307231798253	0.008577303656507121
0.006979744339095804	0.008497039475834994
0.006878138254880704	0.008539285824865246
0.006803186555349908	0.008659330970068642
0.007170604758829342	0.008613579141814856
0.007003408426172825	0.008289625189563981
0.00710247911320727	0.008656540966724965
0.007002721651408878	0.00841631283491253
0.006640788465323867	0.008620283388126213
0.00689151303632912	0.008672093371175166
0.006736160886010405	0.008631913942596806
0.007397716934020976	0.008324477779770606
0.006890187837961423	0.008682710898536054
0.007016950849036016	0.008696890650356334
0.0071855525305498	0.008954168835278756
0.007252827913785692	0.008339005595767852
0.006649673565413862	0.008810011707984346
0.0071515762168046495	0.008376841325578654
0.0066594610189058935	0.00882798739383784
0.0070902499749137034	0.008604589959375453
0.0068183048065444595	0.008323140095364251
0.0067553889451922025	0.008297160264412625
0.006911900295015064	0.008606546812621966
0.006888011473259145	0.00848616108275271
0.007017154476266923	0.008353179223028208
0.006829415105426724	0.008304650029656817
0.006641155747628432	0.008110768910237685
0.006846024570700003	0.008233384277420914
0.006818645288918279	0.008081412696293165
0.007023197897924841	0.00822935630039949
0.006996784457467582	0.008353244839749847
0.006764153347961965	0.0078942714972502
0.0071022967566946316	0.008503913663903137
0.006776363005053362	0.008143072829659412
0.006996152772455698	0.007940880967587651
0.006787435916502794	0.00825087797262182
0.006545272712045888	0.008393915218800618
0.006383854143552469	0.008314913586563341
0.006714146903683931	0.00829738822097961
0.006468759680850364	0.008084905401894165
0.006753280825548962	0.008179715970034942
0.006418968022633979	0.008281393140806576
0.006727868224364143	0.007959606564665472
0.006206348469169576	0.00805248958098454
0.006571184365256047	0.008164059709524928
0.006327095600060546	0.008259748735376684
0.006127570242316042	0.00795823934749742
0.006717614903418449	0.008046819280338171
0.006581958985632586	0.00836674217779878
0.00630117294960367	0.007895296841459834
0.006899551190262034	0.00765754821356404
0.006638059829350019	0.007747074576005818
0.006049260031755615	0.008296119977549107
0.006360715110712532	0.007805194489327187
0.005943785746438535	0.008035046478456504
0.006372508146185613	0.007870500432261424
0.006159067748355325	0.008035270465253501
0.006167643841520993	0.007707464942288689
0.006293301323600879	0.007854123481441887
0.0067963208859350924	0.00758958384348235
0.006187922286085066	0.008011490894269575
0.006237304024057487	0.007611262182280873
0.006169246519404773	0.007725616047869848
0.006552241608841445	0.007387421328174908
0.006287708825006055	0.007780947548371626
0.0066630687422099535	0.007630945353162002
0.006031701708450324	0.008007274243464115
0.006325321892885937	0.007609420900705726
0.0061755464727383455	0.007746742582236757
0.006343054370107928	0.007871206092472398
0.006110399655567273	0.007854171567452654
0.006177045843283936	0.007691991239328768
0.006388304444509963	0.007949816936225393
0.006158388211654561	0.007575139329430252
0.005976991350485788	0.007595369444731995
0.0059004773817793975	0.007896258254539412
0.006460441548220502	0.007499482168212481
0.006127237725538721	0.007529849001233591
0.00650971752483516	0.0076829945640192
0.006160319000099605	0.007603061806170944
0.006286791994905734	0.0074130122219920325
0.005961916885376079	0.00741303919289816
0.006107691236744486	0.00781736136768243
0.0054999892446681445	0.007683589486867233
0.006070459930821951	0.007489705540335321
0.0059479750901227976	0.00757471587765556
0.006229602471531954	0.007379310534907088
0.005650341331883441	0.007592526747681464
0.0061402064245433575	0.007061912238711242
0.005943074093511299	0.007349952468070022
0.006008082095472531	0.007525751778922446
0.006316812749304943	0.007240426839126327
0.006118933651986854	0.007627152421837104
0.00640265301981494	0.007612537864546085
0.006068702469494396	0.00736561530262436
0.005980377754205369	0.00761977350321792
0.006009100199878616	0.007558616666514414
0.005903864427654346	0.007075275432331206
0.0057781619613600215	0.007232676534294631
0.0060503260903896905	0.007115719538364667
0.005722097636981017	0.007639739921594703
0.005922875792427367	0.007224080630364129
0.005638329706986759	0.007427042690111333
0.006163088405172012	0.007039643631724258
0.005928099698967062	0.007392002526073926
0.005972081069043138	0.007234885616882847
0.005598300535455752	0.007394783560274896
0.005666802249660372	0.007064025960253982
0.006003086783329773	0.007303640438175562
0.006173414043618169	0.006964312569820381
0.005813287698263176	0.007048181671295418
0.0060390712532821895	0.007429442576140616
0.005755790765365534	0.007207848391420564
0.0059881372054296795	0.006898224876787096
0.005673532540724804	0.007554832064638488
0.0058406838423980855	0.007137885151515982
0.0059584151410665845	0.0070187074160240545
0.005298046177762054	0.0071177688967392246
0.005614253184548753	0.006778526167056644
0.005756955610163955	0.006837308187647667
0.005591459127151399	0.006972555679556736
0.005738021112498907	0.006674378505221596
0.005400145645484165	0.007084333680525602
0.005704429494966564	0.007359090918770155
0.005447672493394479	0.006781481095141595
0.0057865184392843355	0.006845907841568656
0.005469158804512436	0.006651197948043313
0.00547517148874275	0.006723454597879009
0.005683154968003811	0.006762499613691578
0.005759497917825102	0.006981268277645201
0.0057464623606954075	0.007067648714174125
0.005238946952820603	0.006889180313525837
0.005436290804972566	0.0068823446485570235
0.005473163211321759	0.00682156969972884
0.0060949188179429455	0.006723911214093371
0.005580818366638506	0.006810045296725587
0.005411693072823044	0.0073542487850247265
0.005414380908965935	0.006958500190093794
0.005028722724722674	0.006829175408419403
0.005367538802350785	0.006857008016090058
0.005527775355917702	0.006841570863312769
0.005453860694360626	0.007021915106850036
0.005615069757985343	0.006802741274460426
0.0051308768739299435	0.006475640854401942
0.00562786216910706	0.006800373895250543
0.005357471396812261	0.00646101914482901
0.005463033497523354	0.00654778370841571
0.005562953900228425	0.00657269518960452
0.0053538497680448395	0.006791124380778928
0.005711304032412392	0.006800101219509396
0.0054378424497427075	0.006685209880094459
0.005170341685594402	0.00638928957665319
0.005491720928319991	0.00663944947139617
0.0056592423309281435	0.006718918894671823
0.005164032575279354	0.007005741632208452
0.005338175325546115	0.006776959928928874
0.005416832583494961	0.006630361403866326
0.005493663697640878	0.006489795145815902
0.005299327988146002	0.006592963545566012
0.005348710082033899	0.006378840430136754
0.005031448856530434	0.006758491683910044
0.005349498720495325	0.006766336493205013
0.00527367251610405	0.006297146678272712
0.005227338852605474	0.006635104435016199
0.005676278075204618	0.00652113929805128
0.005145585265723275	0.006613887829731965
0.005207360988511164	0.006344840633490127
0.005177668270302756	0.006631499982113671
0.005294756265779888	0.006501905202826824
0.004971272291913208	0.006605171152760642
0.005306298817571869	0.006556372033843455
0.005401468392612099	0.006730311772541454
0.004948089457904264	0.006233211473001321
0.005301076989029418	0.0066105814968749
0.005266801461584476	0.00617489115706267
0.0048317393933961	0.006460508247841792
0.00526884778748953	0.006190826631845671
0.00522776793838856	0.0064082542346098805
0.005279167146592712	0.006015716066239128
0.0049196439632763446	0.006141064831928133
0.005066546757785277	0.006167446244298813
0.005378908471249569	0.006223827162284685
0.00511035791554925	0.0061682753004666906
0.005109066325207087	0.0061651269707403795
0.004902346949259629	0.006223128914590218
0.005183795074160131	0.006661280285355321
0.004855792301482108	0.006320984927016501
0.005078791602835136	0.006374254058190497
0.0051756334845922064	0.006442971641046327
0.005111330374786292	0.006251166799483275
0.005180919508585202	0.0064931005336197
0.005121247345934593	0.006202322018447022
0.0049691674089391204	0.006397346335223403
0.004973674907814071	0.006022266318140826
0.004850368283225131	0.006077587810879185
0.00499304974709227	0.006242669562989266
0.005374882729059985	0.006093209452537059
0.004795082397704043	0.0063178985972160845
0.005145171035520935	0.006065615901594589
0.004880422164594079	0.006358162942177851
0.005096671434407806	0.006209458425402006
0.005414089332577941	0.006077046952172978
0.004757481125118046	0.006097771821466015
0.00496215750663038	0.005916296388315478
0.004685377371485848	0.006106288745481844
0.004876295262671113	0.005849139689686345
0.004859989084402195	0.0057567443427956454
0.0050782128447272624	0.005995546905914195
0.004848445570599992	0.006063660704367125
0.004867600801011103	0.005663145564581381
0.005162632258883984	0.006063890398213256
0.004654024928676159	0.005953087906710149
0.0047195388082798195	0.0059059023475996845
0.004775806719261684	0.00600224198677519
0.005015044789213917	0.005764106372573946
0.004724101501114863	0.006063316249580632
0.004835300240797632	0.0061331099153364346
0.0047813543558136865	0.006205236468126853
0.005044704136710921	0.006142988058666912
0.004465723929108584	0.006667225818497754
0.004724960698795945	0.005758490624979198
0.0046720318547772656	0.00597583048224588
0.005083483565611527	0.00633851793861491
0.004677236189943191	0.005839825852880011
0.004696632093593089	0.006024424477404822
0.004898765029179443	0.006324602101774975
0.0049689550090335054	0.005883272943383194
0.004707117180424231	0.005873526107195416
0.004595391456781958	0.005933063411940672
0.004777308710747129	0.005996886997924885
0.004689760810532113	0.005596031956261386
0.004554851098659549	0.00578445526001792
0.005030908448723778	0.006091292471230033
0.004997547524528082	0.005674747316125842
0.00486105217701873	0.006201408233956987
0.00464891092659017	0.005939926808063712
0.004754152684747702	0.005846027073739151
0.004571189009038007	0.005846547554149605
0.004645520586352052	0.005449405626740293
0.004965065198767807	0.005653669783843244
0.004321419801957114	0.005716741091020151
0.004565623152414195	0.005829462936536972
0.004669976991706093	0.005981799290054031
0.004740189768140698	0.005805960107743567
0.004680146376911888	0.005647213901471585
0.004482050180046966	0.005468973858038588
0.004826207890263193	0.005443118591674759
0.004383380000968499	0.005626832746718673
0.004472068279028681	0.005963464297542352
0.004573707578135377	0.005441214375179177
0.004587268991076333	0.005924317520118539
0.00492371828800697	0.005752700264499983
0.004348539470052093	0.0054363271879087315
0.004511986940535732	0.005514903044265853
0.00444228794180631	0.005205427955249011
0.004582779052925765	0.005355092170454253
0.004506650232379069	0.005284517326699393
0.0045022582346309495	0.005372591246744014
0.004550648590624514	0.005663902184765266
0.004368440443330469	0.005650982113178015
0.0045862428540860084	0.005598257556728991
0.004518995896781367	0.00559874303377065
0.004501379367839679	0.005403327912271649
0.004268285581739193	0.005482475479448673
0.00435769225076994	0.005366538587786975
0.004290295696875274	0.0055434397107038
0.00453316737385723	0.0054015843142023725
0.004618465626016029	0.005745869902307427
0.004251168234144748	0.005549592302392418
0.004296435164739256	0.005326663953073776
0.004220165226731321	0.005416014007139512
0.004494362678749737	0.005502521437950433
0.004668867857819908	0.005689878018426886
0.004219959017460077	0.00504764446733239
0.004474961766852891	0.005498252943070612
0.003831994955635078	0.005539528649950901
0.004335185200392881	0.005381888758045152
0.004399599522335851	0.00541714353835509
0.004132611061517055	0.005038496680499197
0.00407320862316672	0.0053190377343788125
0.004624427691015522	0.0052710818346414345
0.004197372836381666	0.005315454091291775
0.004508713411740021	0.005059807116883478
0.0042674982037438115	0.005191485991221636
0.004052495465383159	0.0053647127422413
0.004171852647283346	0.005373573863424679
0.004123775290042538	0.00558271669012958
0.004405004694747928	0.005369225488734638
0.0042687494213885045	0.005000955046748442
0.004240166728788156	0.005253777874725455
0.0045483344827698564	0.005076756641644448
0.004215095564817657	0.005401784000137638
0.004058589700884241	0.005368840263669304
0.004029944944727896	0.005277793999380823
0.004202420104410182	0.005611761697817272
0.004579475829768414	0.0054242089994988255
0.004021027426528344	0.00536710941413287
0.0042480308548660676	0.005074884497087074
0.0046005038837885525	0.0054714804283316505
0.0043376218118207615	0.005095300777944189
0.004151300728053107	0.005297148572641172
0.00404912903708184	0.004975090050099676
0.004060636946116749	0.005326476527124427
0.004162393270811751	0.005196537701352006
0.0040639555494997575	0.0051551701306795684
0.004317437603476468	0.00513465118528525
0.004087156029915922	0.0053522142422955206
0.004143015701776611	0.005212367232366911
0.004107316580846695	0.005049022732012297
0.00418799111546319	0.004874121522311192
0.0038927025244728376	0.00515777834306982
0.003964675987469901	0.005127918050067949
0.004039108825858043	0.005134048074455196
0.0043693169694966425	0.004905898348757162
0.0037736662503530154	0.004866109408546034
0.003992604716304882	0.005261461708160736
0.004029385014861642	0.004999597574935568
0.004322442308767735	0.005339401703986668
0.004235068099614485	0.0047866436667216876
0.003990634621240305	0.004981882966840072
0.00401207186920315	0.00469701801811394
0.003826731845126871	0.005145379544623036
0.003920157729760794	0.004542311408555996
0.003657872065395559	0.005066234896579935
0.004031702778904057	0.004682887152847663
0.0037836297258565283	0.004925253315539612
0.003878584675231644	0.0045828082762775085
0.003824092042642769	0.005153979590680123
0.004372373790933886	0.004886223527468304
0.0038383368695907444	0.005008031223115761
0.004325222805089109	0.004705155142308469
0.003954548110774994	0.0050924900007453915
0.004181254598258754	0.004780263852645838
0.0038582976399475924	0.00491979995922345
0.0035960763969762393	0.004648664270290341
0.003761485551193356	0.005057096364159233
0.0036844395708836575	0.004629700629772506
0.0038698526553223576	0.004835644088249472
0.0037062983628883394	0.004975455038960398
0.00395587682624123	0.004483758988713777
0.004295436521878811	0.004837516681043207
0.004134700886359347	0.00474583584358838
0.00393715362807112	0.004958990828717385
0.003782298177577803	0.004538350594795618
0.0037804372544939157	0.0048249780459972075
0.0038859259098745847	0.0046558445857552465
0.003699957242865625	0.00483139598636774
0.0037825867084238934	0.005069230591149952
0.0035605301434238627	0.004686632644462971
0.0038116404550356596	0.004518422539935427
0.00406123810801074	0.0047663726527476385
0.0035562384012798945	0.0047277062609768095
0.003760276537846148	0.005036475877825553
0.003937697889978333	0.004251863884340786
0.003485858055545309	0.0046053448036208
0.0037991278792575502	0.004582487525670903
0.00404260994111765	0.0045259382887988505
0.0040185838843000326	0.004665038378528432
0.004117665802454494	0.004927300361337147
0.0038493997815231334	0.004559646801940787
0.003593375078132284	0.0045617100254149515
0.0038863304084952085	0.004487872076377988
0.003573284919059079	0.004797052606362266
0.0037952489667184273	0.004960905348846809
0.0037165535650324475	0.00489142140684167
0.0038670205990143586	0.004325509373089667
0.0036898603817337276	0.004411620511192492
0.004035089314983679	0.004624808277939423
0.00361646338750998	0.004476327491177147
0.0039015457306536454	0.004379311898466549
0.0034334351298397313	0.004617096027347756
0.003726852775965025	0.004550241619646511
0.0035207682316182017	0.004499817552493915
0.0037095060335207413	0.00464747665231098
0.003777949869394011	0.004415686985035027
0.004057428775528354	0.0045178324662890484
0.004138877998690147	0.004777298227315672
0.003735731871401297	0.004367303917170726
0.003369254938826954	0.004437599558545487
0.0036281148676178907	0.004373781238071449
0.003970159293599793	0.004797297366342486
0.0034883972582165973	0.004482141402687102
0.0034892908845901476	0.0045701434071022074
0.0033641943402227554	0.004400936171973789
0.004020464833402505	0.004197232896002398
0.0036436278421859963	0.004304237849311424
0.0036547432576980884	0.004556015683144118
0.0038622074096931486	0.004549598299522711
0.0035271810048517448	0.004296191078352793
0.0035423512250503213	0.004273149385985801
0.003776167614769886	0.004287115197584506
0.003870768827908615	0.00479334345776392
0.0031733107148196544	0.0040318009537953685
0.0034659195557125	0.0046233296416218666
0.0037606523604070685	0.004408404779179161
0.003392191262720222	0.004549315447495412
0.003322647896995261	0.004344394667363766
0.0037594527307066384	0.004655365830510468
0.0034732467195304107	0.0043810932644700274
0.003578847585327585	0.004909194830554356
0.00382991252998528	0.004302116507083306
0.0030593902498303907	0.004139236477203235
0.003360525504182574	0.004510711226993185
0.0034966769513811126	0.004050371015976742
0.0033839256202908533	0.004551032173856239
0.00344917612956881	0.004439340327289005
0.003506949755889868	0.0041808309994048306
0.003299623446373076	0.004210278359006443
0.0036194711443963924	0.004372420253107987
0.003411830752235158	0.004324128851999467
0.0036403803158301944	0.004039316375430605
0.003281139242965545	0.004406234365695616
0.003465170821046957	0.0038718006164960806
0.003511932916689323	0.00456477761283214
0.003218074003455455	0.004330994062775971
0.0033960914328825913	0.004036331909686487
0.0037008213093436804	0.004352297417375047
0.0033246226853209555	0.004489075313774357
0.003182945334281913	0.004106359970299185
0.0033503439958238834	0.004155460089329079
0.003583260024289511	0.004231685850038306
0.0035480228132095	0.004334748476159009
0.0035593829404997022	0.004304391359972827
0.003456755231022069	0.004138865918397484
0.003221099323118622	0.004199188489197262
0.0034643938777243286	0.004346330670155186
0.0036829216485474055	0.004213821764100809
0.0027023768784480043	0.004224540237927978
0.0033759636196806575	0.004157700672019303
0.0032556157311408396	0.004339196343066828
0.0033075622406282743	0.003880740998992148
0.0033252174116784787	0.004023504999537471
0.0034248675635446717	0.003965084653858919
0.0035311555280192588	0.004002224003275871
0.0033747144482344396	0.0039508572189027825
0.003174613172051495	0.004208667264587676
0.0029586549778296825	0.004020175808824179
0.0031324074689917953	0.004074618137920904
0.0032851024735927412	0.004080687495765251
0.0034628793424353833	0.003910625640786519
0.003112707954359933	0.003751018255529113
0.0035997476412441727	0.003861977408409481
0.0033618547310567265	0.003988052141870303
0.0031931566355176307	0.00417394136957595
0.002893137268859777	0.003493688809557557
0.003168680012403956	0.003906479364939393
0.0033201341013541735	0.004075432661602471
0.003501009807476143	0.003959158216025139
0.003488085698379762	0.003857387920051766
0.0035219767347078705	0.003983929950635057
0.003087018291435161	0.00414907408535223
0.0031413604084922658	0.003923243038709923
0.003392960097756081	0.00409933688899626
0.0028641239250068984	0.0038533862607890053
0.003255874518205238	0.003995603568840624
0.0029317413152549847	0.004173809103775054
0.0027970484156370832	0.0037782134455784213
0.0031689058647475375	0.004253760375936011
0.0031977125394499167	0.0040022595251247555
0.0037519076515154233	0.004157259915672952
0.003033840825862768	0.0038389410608180375
0.0032657329911338767	0.004020310326478281
0.003082008035798486	0.004022276004406533
0.0034201677264294704	0.003765197789967908
0.00319281501080445	0.003938053499919388
0.0029264574919776977	0.0034513460576083774
0.0031179379162010364	0.004022740753769829
0.0032824558192049175	0.004015561159075255
0.0031012792949934287	0.003919847121905682
0.0030100717866021224	0.0038389211874461197
0.0028283071472616503	0.003880703183547278
0.003123970981304407	0.004059800891535341
0.003028968341788347	0.00352132064642753
0.0029759516318349213	0.0035874206468271604
0.0027859192209766853	0.003926571724216079
0.0029624946217684687	0.0043165768701811345
0.0031093326849303353	0.003995367405456963
0.0029020993374049356	0.0038424704002641336
0.0029262371818202836	0.0038881796034208865
0.0029563206050946533	0.00410121157601551
0.0030713056469767537	0.003993736246927918
0.0028782922228620996	0.0038900088806100223
0.0031737161409428087	0.0037351317323727424
0.002789827673374742	0.003778716523506181
0.0027865636035962426	0.0033312512494857952
0.002836986948450837	0.003808836983078804
0.0027934346428060064	0.003711190742564473
0.0031192345324613548	0.0034496346028622445
0.0031810746591463992	0.0035977751772563174
0.003069699967093589	0.003957213857088374
0.0030980727532130942	0.0038105934717709332
0.002838238785540245	0.0035509217926431007
0.0030782561648050426	0.00393093790102441
0.002944539624442687	0.0036819894836848882
0.0029299741310663294	0.0034724737600184932
0.0026912702092371475	0.0036912441509533637
0.002959254048159138	0.0036657372004494032
0.00277683998036047	0.003681752422756584
0.002943460844280991	0.0034539367851751488
0.002890352848494139	0.0038163792072446264
0.002894022472770587	0.0036241937079458616
0.0029696178820069084	0.004030434150431331
0.003188436674587432	0.0036537441475087114
0.0030453348494829673	0.0036753240849784594
0.0027438999401853594	0.0033662887061291576
0.0030023514949757742	0.0037896635086962496
0.0030079192974390595	0.0037199941408250625
0.0029775397633499427	0.0035084756456501315
0.0030187331914951817	0.003559557768105297
0.0027919557570760265	0.0035180904865173266
0.002733594257708933	0.0034781775962525957
0.0032309214375689796	0.0032823458385653494
0.0027467914614988623	0.0036393045920271863
0.003209156406971783	0.003299297842854148
0.0030094835168720294	0.0033115141283476994
0.003051018578415228	0.003628082312151658
0.0027603168956268492	0.0034103405032439617
0.003050836256879387	0.0036858442450848584
0.0028576792492115764	0.003518410257064094
0.0025801229520218943	0.0036867403803702765
0.0032097936646301893	0.0035588902999441063
0.0030534564177541043	0.0033006185482354965
0.0024708080554283734	0.003661393887053728
0.00253231627225162	0.003447159572738351
0.0027577468571756093	0.0038490325898858134
0.002801231537445988	0.0034451724561698014
0.0027950906151433235	0.003025967308803558
0.002705701293341238	0.003329678318100694
0.003073857565629192	0.003202744998624298
0.0030494807680555075	0.00370568703756577
0.0027877839468576893	0.0033432066526760495
0.0026551312739427433	0.0034685928336391438
0.0027812856880822874	0.003333249926705616
0.002687389965151995	0.0034636914294837
0.0029910754840992097	0.003234391928973322
0.002548496296641453	0.0031968077789187076
0.0028867045394218764	0.00354235429852252
0.003017398244621604	0.003399776229590367
0.003035662167422381	0.0036940793125697117
0.002748744490014679	0.003392114337339825
0.0029847861093516524	0.002996610683637085
0.002682482324648808	0.0032152872870157977
0.0027971742308762295	0.003134037049837672
0.002883122527000714	0.0033395656179033106
0.002963771010188614	0.0031087988688029886
0.0027078685004161026	0.0035478146937899004
0.0026770757868368033	0.003407573912192851
0.002948187338481618	0.0034648409120772244
0.0026032196287691886	0.0033026202613567336
0.002530010937685961	0.00330037967302215
0.002469277902081859	0.0030010285990607387
0.0029082899725054547	0.0035581437547664695
0.0027681905854029867	0.003456194520398695
0.0026007156288617612	0.0036279000761815687
0.002893545081151073	0.0033221837399068344
0.002722151886809595	0.003429151837968799
0.0029277832926489504	0.003223710526098287
0.0027531044053764105	0.003480571436798075
0.0026398714663035303	0.00337009305919069
0.0029329661517754194	0.0029046808958260568
0.0026946546308293817	0.003105479687333936
0.0031054597740685624	0.003477263919003587
0.0026950106121088964	0.0034365750649043483
0.002811533115837129	0.003036892221711213
0.002712709739177369	0.0032954726827785974
0.0026488097848580716	0.003409581898572974
0.0026457457368674548	0.003230529090922803
0.002627432744002382	0.00316434612648524
0.002403189180470956	0.003258445266107601
0.003019332111893942	0.003220767701448476
0.002682618312797773	0.0034856257795150185
0.0023066120113937293	0.00339077108038597
0.0022546452935252293	0.003139155822318865
0.0026594177416241296	0.003341072094345104
0.00287955906858919	0.003235898393113363
0.0023878086526375286	0.0034152327960450695
0.0024177552799011536	0.002867982808386806
0.002606568517545408	0.003154684384558123
0.002186482170085296	0.0030204133120986794
0.0025485697963275123	0.0031068562075124476
0.0026645601987295895	0.0030770690501862544
0.002223474228196034	0.0030927313864780623
0.0025756800323798704	0.0032721201746534357
0.0024465939995336424	0.0026755191718460807
0.002631874766250398	0.0032137053089147044
0.002508531088480695	0.0029313452526532778
0.0026258386719713684	0.00309454280758558
0.002444770923723701	0.0033995065639987497
0.0024646401572202153	0.0032494428768769508
0.002559522562095803	0.0030844612049964588
0.0023387624348833384	0.0029653156094703007
0.002181507272843051	0.003041285062662689
0.0021357970203209095	0.00327679999782869
0.0026693637434053097	0.003345917059115953
0.0022977676697631642	0.0033064663901312763
0.002582407259090789	0.0027794263209267376
0.0023720092236413216	0.00297706988829721
0.0027066121016933804	0.0031767540063880263
0.0023661790834731593	0.003018849476529111
0.002229069706857108	0.00291851188678409
0.002483151341817568	0.003179055732963723
0.0027067562124790633	0.0030062686777279626
0.002464990745274203	0.003349974388207391
0.0025917623691056636	0.003170080002523938
0.0025951935150889125	0.002964404070031022
0.0024554609312965755	0.0033716275705639454
0.0023979443170823807	0.003113517997451669
0.0026513095253709322	0.002896873507058198
0.002463491392325208	0.0027773077090960307
0.002560447058936209	0.003068705137859883
0.0026789343671083862	0.0029344061237904953
0.0023059418283713725	0.003054774041363565
0.002217511760274729	0.0029570393508971107
0.002444253112756397	0.003148234319586865
0.0022285022766649174	0.0031111983313548814
0.0025237816299068408	0.0026945541964205513
0.0024139675405273264	0.0029540133449481526
0.002403844455517559	0.003198293981736985
0.0026603520362288857	0.0031951829725791244
0.0022682490942621232	0.0031979052485928464
0.0024842649338793145	0.003012354343165977
0.0020489149967911784	0.0027578132683532403
0.0022213043989493904	0.0034332026133477214
0.0022329177641517463	0.002990211505248667
0.0024021251624120965	0.0027569225554876452
0.0021818359072880494	0.0031868058368303446
0.002320413320429428	0.0025994003165854514
0.0020170654181674973	0.0030860342065146167
0.0025405959777269785	0.0030655649019002596
0.0021600529267567035	0.0027025244335189083
0.002171734198343659	0.00265886061405122
0.0024729750857807866	0.0031139181614026614
0.002466789738575921	0.002765943448577475
0.0023210743093446404	0.0025678114158385955
0.0022049578779778914	0.00290619348551168
0.0025954372397213967	0.002870646925176361
0.002362420532982174	0.002969896443712276
0.002108650647798859	0.003081382668301722
0.0023045768320374546	0.002915863337427552
0.002104220008732609	0.0027090424216814173
0.0023737998284256968	0.0031103309756660914
0.002200897594169843	0.0028459910873697048
0.002584058999928739	0.0031474905868946867
0.002060568059123633	0.003250427239025065
0.002323676407889567	0.0027058648576622902
0.00193220776879621	0.002960608586964421
0.002185211859594173	0.002868094837075029
0.0024147322481299447	0.002892791294011668
0.001903065565175736	0.0026127392788802203
0.0021048400352804476	0.0027543560389153617
0.0020753861709997615	0.0028496718794822464
0.002166750572053587	0.0024916247250817876
0.0020070401067317192	0.0029619730233560525
0.002059371712593598	0.002710610688274285
0.0021870225034356524	0.002833471634497382
0.0020738746805451813	0.002890551429976606
0.0019558730121924627	0.0026862979907747503
0.002213439085762173	0.0028241703084327116
0.002172938625963577	0.0028854710980391472
0.0024150722787133305	0.002629215856228995
0.0020464669540163115	0.0027793563676081112
0.0022738259505467573	0.0029878578354939245
0.0020668777498960788	0.002593225772519543
0.0021262939321587517	0.0025434471102317507
0.002293392303131696	0.002634284530464579
0.002193808106920221	0.0029251331904001365
0.002385780518865759	0.0027341615295170237
0.0019936618537106767	0.002747247148941317
0.0021584616704109767	0.00260380422581847
0.0023820342368417054	0.0028039405258140056
0.0021420034842848826	0.002913772841226966
0.0020550322055493016	0.00261137147355706
0.0021095086863342984	0.0028742014369725513
0.0021181116090733744	0.002935578937952212
0.002052935323780921	0.0028160722739032206
0.0021420179345447727	0.003013354441100644
0.0025340064329164537	0.0024386644585493427
0.002004673756094549	0.002632048158251339
0.0022421145513650195	0.002449865149335238
0.0019813051951747176	0.0026636242076109084
0.002142303607847831	0.0026893378493851087
0.0017824825402792952	0.0026174606337912407
0.0023606245766843188	0.002319704046746673
0.001968536518302874	0.0026771047248778748
0.0021898271567627114	0.0024922357040612067
0.002101676518884991	0.0028251191632432567
0.0020247481073795443	0.0026763834907597376
0.002189115854585931	0.0026765699001301308
0.0015887694598676753	0.0024070755771567432
0.002032783180110803	0.0025346238948793028
0.0022753174935192843	0.0025027059701947163
0.002096293703665587	0.0030498534839547152
0.0016412037520456288	0.0027011487386905705
0.0020376816408820223	0.0025799274891704083
0.0016006388141052068	0.0024793330438605673
0.0018569698209426383	0.0024754005807818428
0.0022795333317760704	0.002322696559591229
0.0023496934732350704	0.0027840752037293845
0.002178919807366473	0.0024381549306419807
0.002058115729927437	0.002731373709968419
0.0019904958068354918	0.0025799015864523575
0.0019222061707512424	0.0026805682852447245
0.0019804635269730433	0.002482000746844398
0.0020049544062514016	0.002743578060418244
0.0022387385876414864	0.0024748600446347657
0.0021077364444917436	0.002542117830524944
0.0017513020711805104	0.0027051650645785914
0.002240335939713079	0.0025304513354800005
0.0020831896942822723	0.0025711227161929005
0.0018531719419962352	0.0025569859756995775
0.0021522641063855875	0.0025006590904736977
0.00197846831273545	0.0027318382426850646
0.0019821373405980213	0.0024496721470594583
0.002084779638901272	0.002503678890155589
0.0021889011526579146	0.0024364498635750602
0.0018689282803226615	0.0023616035911939257
0.0022852580390283605	0.002742307590831904
0.0018467731029833106	0.002471322709175867
0.0019053474289626845	0.0026277312836684164
0.002121751672930691	0.0026045806224810016
0.0020214384064745246	0.002290537987695724
0.0021476768385030125	0.002452718238689428
0.0022089476584223004	0.0023365361078344677
0.0022770576687883106	0.0022454368281006154
0.0020756472490269335	0.002321509586845898
0.0018328927352369564	0.0027538805794438534
0.001814150631140458	0.0024488636967541504
0.0018702216652902435	0.002494264663043157
0.0018806522682922068	0.0025593589231636443
0.001772420335237138	0.0024625294229207043
0.0019862617987449665	0.002548195828780097
0.0018293423730806947	0.002175599478511936
0.0019510601500703933	0.0024621380469196453
0.0016980598620215254	0.0026363137291039217
0.0021152296552209154	0.0025321395118253825
0.0018430783103870116	0.0024197771813764934
0.0018468766710316117	0.00247812662957588
0.0020283296520185426	0.0023150412836053934
0.0016738196930477834	0.0023679771169038675
0.001971073657494706	0.002253480946367645
0.0019747717139139464	0.0025766375621852165
0.002011570545214865	0.0024111774113154062
0.0022226709268387975	0.0024883380996567487
0.00194978134045643	0.002464349069775221
0.0015412338283972383	0.002668608014221867
0.001953726074150067	0.002573136847028636
0.002001162589047545	0.002227343608863965
0.0022330373284831393	0.0026116881930270826
0.0018119031085806413	0.002455054349614543
0.0021658526184596726	0.0024497455309435323
0.0019345685269333925	0.0024542729753724516
0.001852842060966852	0.0023009370444339733
0.0019214910728128547	0.0025336682586106565
0.0017855484040537005	0.002681553365043301
0.002074947556606786	0.0021723775260547025
0.001432477981846044	0.0023029514926762185
0.001767317089009906	0.0027620985891729575
0.00224920577517644	0.002255653479994849
0.0019264798606205677	0.002394759858734283
0.002012031343589533	0.0024410981984301296
0.0016558750648655459	0.0023196158768794654
0.0017614435153442225	0.002407275853379036
0.001936103019502219	0.0025145842528442853
0.0017562676331769147	0.002246518757805606
0.0016093299803840565	0.0023756869879680348
0.002052061990478976	0.0021368000415660443
0.0016654035325289298	0.0020688709924904765
0.002042462855418027	0.002419120963422754
0.0020508799457424377	0.002087073195938562
0.001642403027632453	0.0023375031664375594
0.001730068541629119	0.0022758172657666043
0.001876645411688086	0.002330979400458033
0.0016771932282485975	0.0023118865136113062
0.0015855733742749234	0.0023024600394836604
0.002042076615806199	0.0020107508729875416
0.0018115278007374055	0.002372530327472846
0.002125420008841076	0.002224512126608551
0.0016514736627726782	0.00226830538210967
0.0017815116882554127	0.0022207811298556035
0.0018218916550723516	0.0024287295717510507
0.0016879838007051434	0.0023442689807730336
0.0016816716600648123	0.002102097656261761
0.001799478755387881	0.0025952197738171234
0.0020214750258594275	0.0021636748835158356
0.0016315897778304384	0.0021108203205863463
0.0020568418219721074	0.0022720628157335437
0.0016768677746961285	0.001996772731234331
0.0018457273280610945	0.002116608950034502
0.0018080695614255547	0.002415513505557859
0.0014437886977029045	0.0023757750015232565
0.0019106834554952087	0.002064778017662031
0.002066379529010111	0.002162536915621379
0.0019451821360387336	0.0022022994106431306
0.001652819372070865	0.0022784491256758158
0.0015392696429084784	0.002217672371473562
0.0018087694597393703	0.0022226833304898616
0.0018355484195590615	0.002274459191368403
0.0016003624034643586	0.0023682192819963472
0.0016276110849748305	0.002244669882049673
0.001956860976004634	0.0023366015643409934
