2048.0	0.0
5.0	0.0
100.0	0.0
3000000.0	0.0
32.0	0.0
100000.0	0.0
5000.0	0.0
5000.0	0.0
1000.0	0.0
10000.0	0.0
0.06786197894347207	-0.0025029980715544726
-0.01669466817600295	0.06459068726717206
0.06730629777119981	0.00016285916925298978
-0.015329498993644983	0.060229618857120935
0.06464091201194075	0.004655202614669634
-0.011763715562777034	0.054855549037835356
0.06006927290154048	0.010822703157924437
-0.0065817022926302595	0.04872131638593607
0.053528702650085684	0.01694191780010798
0.0002678729054622165	0.04171612373003896
0.046107051922419394	0.02364665370141844
0.007864868664594859	0.03460862139079892
0.038091893585969996	0.03137567105000592
0.015871633617517557	0.02710591665531827
0.0294236112391773	0.03749250823128757
0.02471458986534625	0.020762752101390877
0.0208474694191128	0.043729826599709296
0.03236875018353966	0.014522436565825277
0.012911140280995097	0.04880644095922915
0.040017751218652586	0.009939306329504951
0.006342463195542304	0.05297328088795443
0.045612042605798854	0.00688615653879885
0.0011089456126245256	0.05497974450337667
0.0504315339852143	0.005279745929548497
-0.0029131683787186665	0.05514257519732489
0.052533952565665495	0.004882640732810611
-0.004342672830738331	0.05451643512929574
0.05305380310322236	0.007195391921591911
-0.0037046432942305758	0.051808050737086206
0.05145488006347192	0.009905784554358988
-0.0019456551357876503	0.047997169024275796
0.04814593496669304	0.01369176416739217
0.0019228353814229394	0.043298992242674125
0.04376396923302144	0.019142406594667774
0.0067853234039674925	0.038618831564758996
0.038610214258300996	0.02345258688891571
0.01184259375687346	0.03347490499355727
0.033083821094551345	0.028284926528450927
0.017215802467800106	0.028672491518524496
0.027417226709685154	0.032217194655802084
0.022664236551924986	0.024782511184654805
0.022198237388309918	0.035761300109909445
0.027054719452740003	0.021144948040625132
0.017964676584869187	0.03872853692039827
0.030844561526250695	0.018969310503190187
0.01485782986880179	0.040002130599834415
0.033606110899764674	0.017517966464192715
0.012675918940264307	0.0404620636958127
0.03536829822287304	0.01668043560824639
0.011143019082175683	0.040817704512436936
0.036024877044418285	0.017533124222332278
0.010681122389054512	0.039586532566203494
0.0358426453396936	0.018247332825979873
0.011133791118572937	0.038493273211717687
0.03467054383446553	0.02023099882791783
0.012232019649271437	0.03613587395261988
0.03341746166720603	0.021721769193472164
0.01390463011973463	0.03416406592936181
0.03147854790442513	0.023616427370641763
0.015954187619770653	0.032322357219985304
0.02882884148802511	0.02562226184084277
0.018043999975797	0.03056996370097616
0.027150908847794933	0.026801312683944332
0.01983245108840928	0.028985082282730123
0.025141209358549257	0.028397052524384875
0.021205513252184244	0.027472479450439746
0.023496248299841094	0.02895233137136071
0.022747026207083028	0.027152754632891976
0.021929538287779663	0.02954558910563252
0.023444395534087448	0.025854548698113232
0.02149634003002578	0.030349358293058244
0.023960756028108248	0.025590207445757126
0.02062944949501744	0.029945495074062356
0.024210109818735653	0.025367846587908784
0.02044758110352675	0.029820042720297316
0.024201058273371368	0.025457577713043425
0.02039021035632974	0.029587224072699352
0.024607095863471484	0.025400098102261397
0.020685817529827958	0.02967936662541947
0.023970743583606065	0.02611770610956473
0.02073993110288929	0.028872919976434413
0.023784682463995392	0.02578942282527845
0.0206390193660485	0.028553315583821813
0.02335825508255305	0.02597594591819581
0.020748744316193425	0.02874182981661284
0.02328357773377434	0.025544423350393024
0.02059196609171727	0.028608661371342065
0.02356646619164498	0.025680273579439555
0.020449075945548536	0.028822920757213717
0.023683272838249468	0.025617913094557423
0.02011223932097712	0.028562927624148658
0.024009781972817043	0.025214758003598146
0.019491738330387493	0.028830892836848598
0.02383695781094389	0.025006996343948165
0.019213546485043528	0.02865783190486542
0.024295643148198112	0.024747531884334338
0.018841783440923077	0.02852528700174939
0.02441090435557569	0.025058046431151754
0.018829143360291067	0.028243658873944803
0.024048922950717835	0.025238755095194222
0.01933879903385657	0.028019133282931454
0.023518537634617233	0.025251601206172772
0.0189952567963015	0.027002662925562287
0.023364790919694418	0.02625087515082255
0.020127093262934256	0.026507268585127853
0.022420985891918068	0.026746390068183988
0.020713887613891646	0.025408655250709584
0.021303547184189604	0.027088173718166863
0.021557418053018185	0.02499833760735823
0.020006808829467895	0.027638020011225773
0.022475512432754675	0.023730533220479934
0.01900327245524717	0.028851487659003423
0.023697445315827466	0.0230410335162929
0.01806420263823788	0.029530160097497087
0.02408933324462432	0.022312267236474163
0.016860408744731947	0.029404734356071483
0.02504795210565174	0.022168535639540743
0.016669272495006996	0.029399325991008654
0.02524947707303484	0.021945390250066255
0.016317113051396756	0.02902695845666827
0.025218190252427303	0.02261739456047115
0.016474314895351137	0.028704242878793855
0.02482272428584775	0.0231367499368471
0.016381586413114053	0.02779130327726473
0.024094467729039726	0.02322816398319392
0.01700826064439248	0.026895211811874802
0.023476040621433	0.024298027155510136
0.01844395509883689	0.025635092602961214
0.021668560949708697	0.02541295320574634
0.019382184235693916	0.024632409096989855
0.020541166918357126	0.026246883562400323
0.02071927955554121	0.023268834449782238
0.018988799627132645	0.027519542066885744
0.022014200104095407	0.0222785950492699
0.017484150257308567	0.027818129345855553
0.023342615327577525	0.021413120809943585
0.01635868453729755	0.0290551371195628
0.024194672671032202	0.02088147877063527
0.01549041184636985	0.028961287062272766
0.02478718450333993	0.020745823749568043
0.014621730120935537	0.029507256130535883
0.025316882482122684	0.020379842641382498
0.014690938257321519	0.028618394592449553
0.024666683297422137	0.02083176322167439
0.015027523668455943	0.027491533805993385
0.024544308046468115	0.02138450327695192
0.015546868916164231	0.027167051266963865
0.023875950903797516	0.022388347585424122
0.016396721573469455	0.026007236385854705
0.022877882620739847	0.02307677982398643
0.017377957491787815	0.024386824350605366
0.021090143729155325	0.02469010602473421
0.018803598785791346	0.023197435951170194
0.019805170360837718	0.025500185144802723
0.020404561509130847	0.02212841959664612
0.01766402908553751	0.026727186986071204
0.02164084971849961	0.021231537551480443
0.016544550568093584	0.027561875623781793
0.022699610599566555	0.01988678513111451
0.015329570210524954	0.027597556475808416
0.023556903286547283	0.019770938169128047
0.01438358421921055	0.027806070053483664
0.024004858741917875	0.01932076054101055
0.014053259669278085	0.027698533348345336
0.024276398546848474	0.02009221251078404
0.01406782813611816	0.027211986434931508
0.02399844425477374	0.02049194914619324
0.014624058443716925	0.026618890221895255
0.023425602342196067	0.02133763837817017
0.015153029872425755	0.025575603492316717
0.021949140688550174	0.02180978523861443
0.016488711513293418	0.024245750019484733
0.020760047655734803	0.023028915134194312
0.017767084168739008	0.02301611069126223
0.019710721823157504	0.023962209183856168
0.01861271473344724	0.0222885522956528
0.018073580104332177	0.024905408283541777
0.019901095552280836	0.02118923227991396
0.016785915263201903	0.025748390675859822
0.02081055579909862	0.020217258986926397
0.01589585274178801	0.026446778803343306
0.02176863412114173	0.01990757373387503
0.014873587767216923	0.0263832079586981
0.0222737050305205	0.01948049557253884
0.014527424496498693	0.0265025723400638
0.02284877042012139	0.019110344037074047
0.014101169315291212	0.025983377215052766
0.022532615139484565	0.019497190184045866
0.014364043347994186	0.02549259054863234
0.022145677334888262	0.020316917458804512
0.014918791321718979	0.024586457488387208
0.021445443061626702	0.021020093130143417
0.01531110280364629	0.02371061211355346
0.020372953073237998	0.022190436633670096
0.016571133120873972	0.023033148631843327
0.019213511297816507	0.022510905778689604
0.017455003486514745	0.021695547672744443
0.017973994689794815	0.02333384840651613
0.01896254705544061	0.020852634239186037
0.017256768947160668	0.024212224299910327
0.01940840423226535	0.020384911222605332
0.016028445759352108	0.02487324200103373
0.020274615767482376	0.019414383473604045
0.01507664953461731	0.025065331789130434
0.020801199485268384	0.019402702823765043
0.014277672165704205	0.02522805255540866
0.0213884347931734	0.018576520176724978
0.014127891955812617	0.025093662982428246
0.02130094466964359	0.019396866397695757
0.013860464959397377	0.02464958937822254
0.02116582503119093	0.01957882420091139
0.014421377952982947	0.024371360963638726
0.02050529147413053	0.01983073909676042
0.01511195608815737	0.02340326499684893
0.01996686597950697	0.020373049661338797
0.015770878775813933	0.022327879218160183
0.019031778327331564	0.021199563378794837
0.01655843093402294	0.021546885303454947
0.018021886955928042	0.02201794262682276
0.017229789092017177	0.021000567046164344
0.017301562686454136	0.02272893083284926
0.017868049028427337	0.019836091905289625
0.016170605110863538	0.02330259523269142
0.018650081913405274	0.019781814784568558
0.015580339956724972	0.02318209646519962
0.019202698191565365	0.01913417205156679
0.014961924794922666	0.023486273211100982
0.019608066076087605	0.018898224649762964
0.014761373331042243	0.023488960502950924
0.019924172665205964	0.018770123331239428
0.01470737783443477	0.02351261143400786
0.019499159838356827	0.018743845014397905
0.01407195362376218	0.02279556440033149
0.019621509461583315	0.01868049394651164
0.014469601945550633	0.02257950995652232
0.019383353593603672	0.01929543150158592
0.014685194806282517	0.02239519508020794
0.018857053352464997	0.0194547090693528
0.015012892601227491	0.02189901234891302
0.0180449236693989	0.01987110400454787
0.015433081842486101	0.02130787249460164
0.017843669063609523	0.02023632734345136
0.01600916980592126	0.0206670152028437
0.01730591219383597	0.020541531557514717
0.0163003387803316	0.020259405991097063
0.016633503292453573	0.021452407179838956
0.01696241771454912	0.020359609262596265
0.016163448419769414	0.02157947024835332
0.017227879834654614	0.019573841946608075
0.015911253482379203	0.021306515489445566
0.01724824066209024	0.019640474515907943
0.015637287693382552	0.021575906434061244
0.017732751207673574	0.0193693604538944
0.015361372200027151	0.021625844629969967
0.01702392678736265	0.019184579582736897
0.015054100120623946	0.021211461840184
0.017495597947792357	0.019362648372645046
0.015155914127428144	0.02096586496660312
0.017747397842405394	0.019253155001388345
0.01503410132593122	0.020958209577975524
0.017272399776643722	0.01960108161487283
0.015213928818392057	0.020832032563744152
0.017137454145397912	0.019349378366731375
0.015157283887599285	0.02074920680827752
0.016444826005933597	0.01936832744473072
0.015127395890794957	0.020497907386192477
0.01656193351533508	0.01915657968449766
0.015223727039008388	0.02044165381657717
0.01630241802677714	0.01955578891368187
0.015463282831638251	0.019927413074551634
0.016660935657514368	0.01935991817857829
0.01536250149954235	0.020064469981032347
0.01615998620520343	0.0191641856113341
0.015190727643349498	0.019641604218271828
0.01624360869041542	0.01955558917706392
0.015302801148139039	0.019460537963971673
0.016127932687753282	0.019354846766747143
0.015662187020625887	0.01964786396636633
0.01548708621336783	0.019437670300878222
0.01543552406080742	0.019485201512404488
0.015484505938915583	0.0193310413691759
0.015694760428559145	0.019068349169877763
0.015612099958899853	0.019366641439978932
0.015524599904585887	0.0190962991407451
0.015255449312595593	0.01943143853819174
0.01566954408920572	0.01906577405241575
0.015125692811726061	0.019388833757474556
0.015900722341428804	0.018530978119813017
0.01510196063072065	0.019467854957837063
0.015968644156321158	0.018675679356471415
0.014676645265120298	0.019356971656901263
0.015510658685472469	0.01862621008396228
0.01468856373050617	0.01962564998017648
0.016045624938206365	0.01861052536161007
0.014699134126804084	0.019283319839867714
0.015609308173612252	0.018332376241963013
0.014187558777139868	0.019411009833501417
0.01537946638604084	0.01825514472454752
0.014702065542343455	0.01921991738915893
0.0157169957172673	0.018356757933217893
0.014740306786579404	0.018899194484890216
0.01571842993381644	0.018703498509864133
0.014639789201189104	0.0186222357409725
0.015127945224958311	0.018772245867602906
0.014689383946252717	0.018633910350997086
0.015114361259145333	0.018895420102769556
0.014970591135895375	0.018485064710283876
0.014958858308499755	0.018716629422012365
0.015125317014552345	0.018242344011238337
0.014424696360570583	0.018902353886329656
0.01525546740708263	0.017763703172169194
0.014320225684867561	0.018421730142392425
0.015143610160705957	0.01763725799642906
0.014397007458935908	0.01886268696439887
0.015293937869875936	0.017502570915518007
0.014048732592783665	0.018945847714492304
0.01528668759899742	0.017289338339083225
0.013854311957075824	0.01859793514159525
0.01499819550598027	0.01753090725494643
0.013943364411775115	0.01861223088377348
0.015452577140876445	0.017785815540666106
0.013635366922384207	0.018476074518996223
0.014927538088250956	0.017831361100883725
0.013968571361320334	0.017956779422411303
0.014790381299526555	0.017932741229591747
0.014269141954302747	0.018129035427189723
0.014397862770362105	0.01819335408278885
0.014390413459347221	0.01764976051403973
0.014599396211973144	0.01785840654362195
0.014490484539198814	0.017529240020479883
0.014285012305470449	0.018423124297300756
0.014307945465155607	0.017231150695846294
0.01370804075296155	0.018390976563154006
0.014672427973861977	0.016861362613013898
0.013699512932495272	0.01851891414634492
0.014724444028700198	0.017068629856395554
0.013429163918409011	0.01813688071249531
0.015094795346220822	0.01672829892841566
0.013090271543582341	0.018087995506072877
0.014459717954662148	0.016582653538257608
0.01299582330556928	0.018085388104628546
0.01517010930404913	0.016850454991476138
0.01295990330707398	0.018163825669468437
0.014813633134852826	0.01699895100470997
0.013107621511102133	0.01800469242749182
0.014935445155873375	0.017065727105260338
0.013103143886073441	0.017509938010123446
0.01430084021047661	0.01697667026732018
0.013392539648099156	0.017405770998857616
0.013949028374698927	0.017413780864840273
0.013383439628201646	0.01684381969711829
0.013775502307498088	0.017336143378550616
0.014111510147771502	0.016789551290958847
0.013582110089370974	0.017517898861176665
0.014164923814951519	0.016873845435822547
0.013469576890126426	0.01774900445189934
0.014189155667626316	0.016374401187638256
0.0129151202594184	0.0175028491004137
0.01429074264323422	0.01649016563149894
0.012963405135614269	0.01761450586573233
0.01427190475568218	0.01583949956696878
0.01272402955561313	0.017773111486843518
0.014436529821797953	0.016160419286723328
0.012775658597361218	0.017386836415780538
0.014303726529417448	0.016106009576481818
0.012719255500396877	0.017082472225138947
0.014254431985436269	0.01608310510591495
0.01287206004661869	0.017016961409452
0.01413113829111294	0.016468258401325965
0.013236896351202386	0.016745221239924113
0.014182210217281674	0.016611585208352046
0.01342079490924896	0.016575515753925428
0.013412812469893275	0.016287602027883093
0.013079829010083012	0.016689183349557962
0.013175362618938525	0.016436433454250967
0.013304286769445766	0.015949902512164233
0.01314834610375898	0.01683515263725406
0.013422516809840529	0.015809068213699554
0.012801379464480577	0.016936365716836918
0.01357024295504924	0.015898671571251854
0.012814195005362659	0.017114678107933753
0.013451454096778212	0.015511129029258774
0.012794490665816826	0.016777320891350807
0.014185148296477691	0.015765650959949692
0.012441791102118106	0.016709086696538276
0.013500161644889158	0.015367352899634309
0.01177740887171612	0.016622903235276217
0.013888909431095173	0.01570227449538208
0.012443725515910638	0.01675482975360734
0.013574019050839584	0.015780593144603984
0.0123036931422191	0.01637407912165113
0.013228704285598004	0.015517992447609813
0.012281975367262343	0.01623424489948152
0.013119493330257987	0.016073254892974644
0.01242793998507108	0.015634595777922568
0.012889357558146316	0.01570912379510866
0.012597655559572358	0.015789571193867993
0.012945096248376389	0.01592180584448725
0.01280465223524198	0.015467795629566086
0.012678577880238745	0.016050231876088453
0.012733545354457079	0.015448625585374314
0.012238564141642873	0.0161909505492727
0.013335202322993503	0.015305727929521742
0.012237932645501591	0.016175276449697962
0.012932605620563977	0.01533838337865845
0.01235902457054085	0.01606740382059312
0.013399754739199705	0.015449932000571584
0.012046889357687237	0.015939403392604214
0.013195492613209864	0.01500971017200546
0.011850965962559202	0.015960139733106626
0.01278223720755926	0.015124703661608835
0.01192220772067781	0.015541782343852579
0.012836276678433749	0.015008096703181534
0.011784837170308165	0.015526982169693795
0.012841214473882747	0.015233138624857645
0.011795043188290562	0.015446381887166828
0.01249833221292832	0.015392392846871295
0.011954185541315235	0.015255001672141302
0.012458046292376915	0.01528679753528173
0.01178369688378873	0.015051334179131402
0.012161446954025795	0.015118458746382879
0.01211704774242903	0.014844244182968
0.012166582491123842	0.01496637794996293
0.01221576134938007	0.015196241956981323
0.012136491362945225	0.015187113780680057
0.01253292943589588	0.014899360156245534
0.012079443452945959	0.015171107270853468
0.012569166640246704	0.014644749188613483
0.011888432333918631	0.015180486647425799
0.012361643764472	0.01477333240557819
0.011785291445333128	0.014975228081950714
0.011747635441205823	0.01452195189034488
0.011762722153074608	0.015025712752923458
0.012345171460129426	0.015017253650690678
0.012045920741979767	0.014589441415398955
0.012097922956685625	0.014558810122804055
0.01201182965792444	0.01470963339490196
0.011747341641844797	0.015022151609533302
0.012033769260757434	0.014332375133823091
0.011810101510816497	0.014754176777487188
0.011961817474554161	0.014995473373332785
0.0113539533390511	0.014623935206358093
0.012015944268430476	0.01444260097895967
0.011450909564763821	0.014603348696647676
0.011975642752245613	0.0143272641953854
0.011540776594532525	0.014693889148905783
0.012317872173425753	0.01442485057205061
0.011195195228127544	0.014922067257123112
0.011810860284592542	0.014586551613517624
0.011546260024898374	0.014743594394777262
0.011919095579289517	0.014259598265677647
0.011291771585792424	0.01425418894156348
0.011763568659641828	0.014070801531564897
0.011621350087191956	0.014393735783677763
0.01117726118341168	0.014491356561826247
0.011428939910689648	0.01404692283354105
0.011418585952896734	0.014422042680924233
0.011745490494645176	0.014121275207995417
0.011078999282352564	0.014423977236572376
0.01163004679502764	0.013993567857091917
0.010996143265913397	0.014100657925091516
0.011796425710610226	0.013983429132034927
0.010921957479555681	0.014217447517465148
0.011566502689480423	0.01386466243930609
0.0107080959537967	0.014467413788109191
0.011730896895863577	0.013727395446369126
0.010943899260883053	0.014033823106477165
0.011516058647209126	0.014089704063256887
0.011153975892144175	0.013917367464155499
0.011230432249675654	0.013969370859583066
0.011229716299449726	0.01402851826327902
0.011537721531427462	0.014159327045349984
0.011392501607541756	0.01359299830608205
0.010921622532152191	0.01406140843187291
0.010983363164480424	0.013651606179106997
0.011292741876024257	0.013871551147645773
0.011518603516447465	0.01333250394007235
0.01083026950902445	0.013966139589188372
0.011339619906844919	0.013399359364963209
0.010488976768863682	0.013891544064139888
0.01125912588362787	0.0131869386524438
0.010611156359849215	0.013971435307833149
0.011443159132315838	0.013169024764250479
0.010622013602565684	0.013788018757275056
0.011591994352694288	0.01332010073777017
0.010372130146486	0.014113825448150366
0.011204760070108042	0.013265318110956605
0.01045466972163703	0.013861660702301909
0.01122802524207823	0.013216247778565669
0.010771615583337257	0.013303099224694939
0.011110994056509069	0.01337408821747126
0.010422522780097993	0.013332334954278975
0.011271276860699465	0.013299986351549338
0.010346203330361835	0.013179348868068015
0.010723965045465004	0.013503469200396235
0.011086738007467305	0.013150221779080514
0.01079134042824936	0.013524285804394659
0.011025713850374786	0.012896530006625488
0.010649967244568384	0.013817180932195855
0.010938225158426391	0.013045558833313545
0.010279768234539289	0.013519778786097732
0.011006468153539199	0.01292993899966176
0.010311076974832628	0.013285086571103784
0.011041522728814425	0.012540605867957105
0.010548248239296436	0.013286618953768264
0.010520269245134075	0.01281846135155233
0.010093975326634034	0.013691443700182182
0.010930788853446812	0.013002129001506343
0.010231546369217083	0.01352265621705967
0.01083991861993709	0.01278037623162094
0.009642569419490245	0.013174904804379235
0.010833794235226471	0.012898675794483574
0.009999278856968908	0.013108976057085293
0.010599843322973715	0.013126038682884882
0.010347177437899377	0.013041542232616318
0.010588626069972296	0.012921417014708454
0.010269831187200502	0.012519562015205305
0.01019201340496185	0.013008309918152243
0.010278745307284488	0.012692760955300886
0.010337191145317571	0.012582111627848228
0.010153463752645683	0.01248674930997908
0.010251126559244997	0.013036271866981
0.01030923976630557	0.012377244829442717
0.0100673872096474	0.01283389982458005
0.010217817208657571	0.012252295366709095
0.009849003382848746	0.01287562059002281
0.010330223947079052	0.012032610140793633
0.00973211877765345	0.012984886736890109
0.010398775251769214	0.01226113691060882
0.00972181893602657	0.013117789522002606
0.010571027863882419	0.012035492012499639
0.009817849137460491	0.012835238188251184
0.010189477582288923	0.012240595277976182
0.00973144779631219	0.01261802276951424
0.010067212532696952	0.012072814266282771
0.009755156414727713	0.012711970990710818
0.010005305496266876	0.0123570449495422
0.009929319532960954	0.012377731523789041
0.010183068152696742	0.012007044927668187
0.010018767169942478	0.012649975238264098
0.009944593663033179	0.012610709960322614
0.00998227972623947	0.012504509857247903
0.009832546054536498	0.012376771798872083
0.010055655539847767	0.012535466158732914
0.009452059687303137	0.012540247709406434
0.00977862958911345	0.012317643603027034
0.009632450916793262	0.01271801032496575
0.00990606889570722	0.012011309825057541
0.00949218943561272	0.01209372572318154
0.01032983112524342	0.012049561639744029
0.009471702305268543	0.012200230034145955
0.010140460764533772	0.011663844587277632
0.009385077432284502	0.0123237089527283
0.010096608406143064	0.01177360210044389
0.009403696929589192	0.012393362637338822
0.009937713086432532	0.011915336541210167
0.009556121180756473	0.01216414843912179
0.009872277753345923	0.01177926266223559
0.009434902604664525	0.012219037379246763
0.009781786755467113	0.011861725925150801
0.009154077739501143	0.011797112893390858
0.009548114427912344	0.011871849275400796
0.009598711299413568	0.011710217967806389
0.009637000331371232	0.01179788832098187
0.009575944831129604	0.01199635899822616
0.009795755368711252	0.011669067840270617
0.009305096026926982	0.011715842139553193
0.009369060095969306	0.011877948291899502
0.009639574876512262	0.011782940674289106
0.009476473136982239	0.012080490717284403
0.0095738976705333	0.011758941263874133
0.00895731524733294	0.011981387740936426
0.009531736359311498	0.011529508270848155
0.009237177025589915	0.011993107684656154
0.009677764257621261	0.01146887539980897
0.00899433092198509	0.012040737727818714
0.009563869258536492	0.011486256426402993
0.009014943694552528	0.011782098664264778
0.00969834126156715	0.011553970884936421
0.009105323351725356	0.011637553765511215
0.009534309242708445	0.011482197090165553
0.00894688882762021	0.011789331219920391
0.009412141071686662	0.011353242844465268
0.009085938068874571	0.011250345581394755
0.00930659676535516	0.011013718625711332
0.00938328077482785	0.011484382520595169
0.009058577767661006	0.011707366972965028
0.009030016695749203	0.011486373358554458
0.00922374466304593	0.011694739351512802
0.009093188358788184	0.011638555703325134
0.008861006983046451	0.011201830374311987
0.009246141916536043	0.011311038280557155
0.0093265889995686	0.011561087734804663
0.00918446965970484	0.01121475807039254
0.00917400609713042	0.011212296838943394
0.00879322748460455	0.011107444207059461
0.008958930086331642	0.011555196160210255
0.009061947564604603	0.011054298392959735
0.009147764973498831	0.011398720700041541
0.009035540752908917	0.010766416455809174
0.008888196932388116	0.01139685324099759
0.00901195364748817	0.0110452751826231
0.008718460927235615	0.011393151362388452
0.008744838753757277	0.011127176029467731
0.008999759001043939	0.011123530585139109
0.009025126138414248	0.010780472030544564
0.008834077014519007	0.0110244927206027
0.009206184406968122	0.01100564632103
0.008411705481265625	0.011159341122742418
0.009010240204964524	0.010743798823793204
0.008513424138072705	0.010745516821288246
0.008653512660384003	0.011061767826504226
0.009121209094623614	0.010627203147132376
0.008563036449623983	0.010802811268232921
0.008819185012533638	0.010766971089672821
0.008390609951921762	0.010454159234961588
0.008886893256635858	0.010795832013876527
0.008567667141010205	0.010999187818708487
0.008807664386794464	0.010723101291231937
0.00858369925027189	0.010696337961536136
0.008658092584747323	0.010818946258459512
0.00842390082844541	0.010820488295252124
0.008814950445256254	0.010678734859216218
0.008383888600826206	0.010892329283652885
0.00871643606891699	0.010659307084332426
0.008157798574172329	0.010883650893933875
0.008481702863202698	0.010440218122846855
0.008175830036533042	0.01086308455763465
0.00865821233021503	0.01027975797550861
0.008482087429993292	0.01065289525561043
0.008779987305334493	0.01050158805004227
0.008535579533461618	0.01067824273790978
0.008434586473063634	0.01060984873584569
0.008091800920622233	0.011022611560090316
0.008568368095278405	0.010361439661391554
0.00832418542822138	0.010539948500202583
0.00882696389961125	0.01043965759699058
0.008072533954180488	0.010381337175100772
0.008393781146110089	0.010248684903781375
0.008369374453308476	0.010411809110780405
0.00807934717033641	0.010526547180147722
0.008545140793469819	0.010144267128734941
0.008296586305388617	0.010908900808365887
0.008361397845670897	0.009978911497330292
0.008321753386161868	0.010533927560402351
0.008316566708975966	0.009816081682535494
0.008538913320145225	0.010660275694371264
0.008068614555837798	0.01046991752336801
0.008263077012959294	0.010601012276925363
0.008893188194445819	0.010197392589040297
0.008123606507170355	0.01023220943710807
0.00838499520909955	0.010166744423317654
0.007580300083992443	0.010307132138189925
0.008486787329494795	0.009777199555448458
0.00767172213359322	0.010508071393253254
0.008427711543440769	0.009964223827073383
0.007912994191303738	0.010041883532733345
0.008013160379893886	0.009714356704046797
0.007560051768525824	0.010222707110329101
0.00801187293411149	0.010072002384327214
0.007672885684787324	0.0099183219762299
0.008272696139340684	0.010194194271538917
0.007842694958162193	0.009852972462656427
0.00803322117449796	0.010000946427122969
0.007979640446949468	0.009736814250837708
0.008279378561038808	0.010043363344760237
0.007961075782041584	0.009820818986285994
0.007943217728092667	0.01033955105611832
0.007966373713799739	0.009655064609251416
0.007722549011031807	0.010152158804330121
0.008251374211143631	0.009915185780866616
0.00796210755616995	0.009807342764884076
0.008302496573308709	0.009671455889344462
0.007670370910627168	0.01022206098687328
0.007634542678560376	0.009610409930967416
0.007571582776231506	0.010380928045645532
0.008341067383829448	0.009661959817765067
0.007435834828977092	0.00974141327729488
0.007996609628099123	0.00946485691860553
0.007525478285126645	0.009932705482581716
0.007726371208854144	0.00947330982264631
0.007780278104240071	0.009913480914509267
0.008013062487090621	0.009422542795937334
0.007154699621337893	0.010149547048133048
0.007999434911993411	0.009455014719596888
0.007346365424906043	0.010007229738212834
0.007690901239619693	0.009497630483875929
0.0072619402084102965	0.009493244106810256
0.007780189778086303	0.0096410765621836
0.007534324844794391	0.009501741387279834
0.007420842529531319	0.009258964556761113
0.007944965436195564	0.00935863602028119
0.007399890412514941	0.009823490236691573
0.007606592926764303	0.00940350022765359
0.0074270189747200665	0.010016906256408482
0.007691791756600941	0.009466582907745581
0.007169379322128687	0.009723091686982946
0.00779313749824213	0.009372640647607752
0.007412356994350903	0.009515722174248379
0.0076845232517434945	0.009298294244125732
0.0070877203916907775	0.009465722066117175
0.007615245809192964	0.008985442422851741
0.007272756371065468	0.009883722817615464
0.007995026309401217	0.009237798565899546
0.00685261865434874	0.009319307135650871
0.0074813962617655445	0.009011018538782107
0.0071064627410710665	0.009584238115067015
0.007635114449339675	0.008642104218416909
0.007258561226039076	0.009041325212129674
0.0074506103436411415	0.009114265864055676
0.007107427225612151	0.009280245438525379
0.00726634629468839	0.009072808226467735
0.007319603574330641	0.009329280060676168
0.007200696494589357	0.00903448943536361
0.007022686957964035	0.009227222544153818
0.0074002337198288155	0.009181345763523072
0.007440971507439663	0.008728309650217163
0.007097986392827853	0.009079414580136268
0.007560110658814339	0.008976040103270605
0.007167713963624462	0.009417526296315858
0.007578145711910659	0.008703729930641987
0.007287133227254467	0.009648566931353447
0.007437822896055619	0.008918966810923861
0.006971736791638273	0.008915444824827246
0.007569525361465579	0.00885095577623613
0.006571467492389591	0.009220596776564402
0.007578686553686507	0.00862181238352637
0.006772397267964093	0.008967611258269009
0.007533549524392378	0.008635402142936307
0.006550779490388964	0.009195032217355419
0.007234442218120749	0.008475732810921883
0.006725087458077783	0.008751130865054867
0.007412458116215224	0.008639222997460937
0.0065842345522335605	0.00880946810267451
0.007429610747882948	0.008873134071322656
0.00675448453489627	0.008409083043619477
0.007173199457193081	0.008834907019248722
0.00679566056203613	0.009089038719087101
0.007276298024619194	0.008723664369009
0.007137138449134722	0.00877382547553243
0.007220814916099948	0.009067875783592643
0.006947263131591095	0.008637316329679111
0.006983055165060358	0.008940613348913808
0.0072997092631892175	0.008688712170591119
0.006407638938980374	0.008724801420871314
0.006900396699749657	0.008093999824143274
0.006552001498546631	0.008882510366496439
0.007147446280805315	0.008132748055799754
0.006760059021735056	0.008901574201082632
0.007162243693995561	0.008288194062541577
0.006750768037010017	0.008827459745629504
0.006749741883829817	0.008481251712988906
0.006615639733086681	0.008731381919547601
0.007038047182563927	0.008214648432034136
0.006470433803580986	0.00846458249209649
0.007165550801676622	0.00847196522219819
0.0066303994173568396	0.008787086473944574
0.0068606757330612065	0.008326771663524224
0.0070176771132426955	0.008519880005677693
0.006928762499944074	0.008396526932331729
0.006453848171411699	0.008444650865269637
0.007199441477829114	0.008769401666212184
0.0069705068466789635	0.008281453101876037
0.006832626644754731	0.008710891199849876
0.006719534422991428	0.008171352300112601
0.006753248711517888	0.008346574282563883
0.006596670066242277	0.00864750158200872
0.006237289387220871	0.008298800276108199
0.006927945434928692	0.008144118280639023
0.006668503402220848	0.008836227508833281
0.006751076008755843	0.008452550573483066
0.006310219063536897	0.008332614752200509
0.006893915409419945	0.008106061071356875
0.00638749458417983	0.008313051721251862
0.00672501762929699	0.007957461718734996
0.006635355080098573	0.008429030387086077
0.006631189773428053	0.007979638772703985
0.006350384328332794	0.008397429927348335
0.006483651486897607	0.00807897421427021
0.00624339934073413	0.008436960004787601
0.006407407463670844	0.008351652927351495
0.006523374176590905	0.008305434163550167
0.006562229062121353	0.007832372317452768
0.006296097414597691	0.008721769412973921
0.006806799542788103	0.008100190158629617
0.006406345990921811	0.00787019945316822
0.006444167982008331	0.008205205352652713
0.006729633413002271	0.008052439806144302
0.006654035932061878	0.008387389506793807
0.006328962497875561	0.008166354463449418
0.006151887410528102	0.008120495081560276
0.006555233332375463	0.008054848496324176
0.006524776831330403	0.008000381877849072
0.006375560065041791	0.00811093694109737
0.00640279961125036	0.008121679930070092
0.006419782620115701	0.007845076843053106
0.006519218062091118	0.007836365007169839
0.006051144283428759	0.007918085272079853
0.006009496520584498	0.008057224703305239
0.006717263214537093	0.007807707855140435
0.0060472244934895334	0.008246932233409034
0.006435053330636089	0.007755343186968923
0.006092075675743089	0.00812654047552118
0.00648226262036377	0.007861004095900903
0.005833745849915927	0.008112735637204814
0.0061165613201290565	0.0077980641877427636
0.0061223825599398315	0.00809037390906407
0.006420090783977525	0.007738815458777674
0.00608569565633068	0.007788847178929083
0.006355366040829324	0.007753838459074202
0.0061231557309813535	0.008063895391355587
0.006259310048183459	0.007523466852840716
0.006456756727054126	0.007729451215314171
0.006555123656581539	0.007663736962797801
0.0062295642688869534	0.007672745388400933
0.005786396894532822	0.007849213423529117
0.006146479280841369	0.007664963162314934
0.0060417914660850286	0.007535226943896791
0.006321159819561127	0.007721351207422884
0.00618674730575544	0.007667193991916569
0.006373635428104491	0.007854092592651985
0.006071894152432012	0.007409075390750039
0.006202077709136488	0.007568057275606029
0.005801530083660272	0.007577691233372692
0.00601354754312122	0.007251494447897727
0.0056980877380790156	0.007689415715469223
0.006080808360772127	0.007377427531131941
0.005892670395394601	0.0076805803954469575
0.006167653626260177	0.007204860578814271
0.005778755350389292	0.007621125147259787
0.006121170317269409	0.007456306082229706
0.005823245110603657	0.007622134522156737
0.00610700409462352	0.00743526642226662
0.0059225301055024476	0.007885845815425912
0.005904560268096955	0.007029218460428473
0.0055982165401758	0.0077455988960750816
0.006087843447797191	0.007674744878261843
0.005555165272505929	0.007347410015752223
0.006113264494163361	0.007365409257452824
0.005951499205276297	0.0071996105613822935
0.005866200165575712	0.007037004178176914
0.005869724055122319	0.0073315335822391695
0.0057659037731276445	0.007348139432147398
0.00572314492145624	0.006931418169142358
0.005611564864953629	0.00726042304672303
0.005738257841321315	0.0074296633217958916
0.005739239175993543	0.0073168801174957766
0.005941662777713151	0.007146159293781667
0.005411513384459241	0.007710473873627001
0.00566017019057068	0.007088647190878253
0.005589575820775618	0.007060031870010572
0.005988421023565468	0.007025252348734238
0.0055401246814197605	0.007624958117700946
0.005872679575491081	0.006881195507989156
0.005652029538300395	0.007437786936555205
0.0059647839715950375	0.007070724961763716
0.005618467232834011	0.007143686981631188
0.006302497876478333	0.007161750788393425
0.005696720722436008	0.007586671305161223
0.005648168527060316	0.0070462036686684965
0.005762651509199942	0.006909379586442805
0.006122312369946762	0.007139200909279468
0.005018213705317592	0.007050593398774223
0.005463043808130543	0.0069648568716788916
0.005320694479027325	0.006954070568802829
0.005654333792108662	0.006742378190487688
0.005574135529473874	0.007033621188226944
0.005831458739799521	0.006826918681518404
0.005520711041240604	0.007022092997814012
0.005393089707669775	0.006943188026991383
0.005834168332774757	0.006738286178912803
0.005626629275487525	0.00703898062895972
0.005847877894676367	0.006569373781376788
0.0054116000911083526	0.007074967964493262
0.005828894269342763	0.00686085345839088
0.005206584551656131	0.007139544803575231
0.005608860843703305	0.007037116948833147
0.005508973480909967	0.006998386602146224
0.005556397496516555	0.006418980418487915
0.005134731506148884	0.006994435381802114
0.005541000723599353	0.00676803180108846
0.005663885280049603	0.006867754261699139
0.0057782770354995435	0.006539378577060537
0.004813591095219204	0.006690806072296827
0.005280375316903367	0.006989645603696453
0.005299421739327663	0.006872811428366836
0.005876850262481899	0.006665783070894044
0.005095827729147828	0.006777348558074473
0.005689447105162451	0.0070315959407520525
0.005640799193444454	0.00664936002066481
0.005414980638317177	0.0070371706447027605
0.005328684678752919	0.006802792796465705
0.005050164037896738	0.0069046410021315245
0.005034787235104325	0.006642538273826052
0.005501055803312485	0.006929964266258371
0.005123015631480499	0.006467578261627138
0.005340624738575289	0.0066836058628028
0.005475364153057444	0.006653352485363343
0.005041828622627855	0.007114862708678694
0.005222534970172246	0.006334256417543322
0.005131240324890278	0.006545120706513231
0.005233977478845283	0.006747166081131
0.005312857790178763	0.0065521862962237
0.005287226631567884	0.006411615676216283
0.005122776356098807	0.006825964537666985
0.005516060719395252	0.006608378122394946
0.0052735570308816305	0.006908000451442011
0.005503738785207925	0.006580487971041742
0.004852576184443749	0.0066049644642521095
0.00518071944984921	0.006511456613923036
0.005253751998389634	0.006606134766342748
0.005419701710115372	0.00635216775397493
0.005108066549857753	0.006730701742450251
0.0051091451043457055	0.006596170937108013
0.005068259882411285	0.006285058996878335
0.004969563441022483	0.00619207536760931
0.005384569500902889	0.006157713391114421
0.005137264427343558	0.006595463089925358
0.005681512775045821	0.006631731988391749
0.004989960836688027	0.006792665761567715
0.0049863663457440114	0.006338791997180347
0.005005385645267205	0.006631778536697736
0.005173886172264469	0.006273263651671675
0.005142574523296389	0.006375741585012531
0.005182431018538957	0.005921081439451327
0.005001228379415884	0.006624854396013308
0.00506971207729375	0.006463827269759609
0.004756212456254221	0.006589682315579902
0.005154487211516413	0.006297698882535036
0.004795843053681083	0.006237899411610188
0.005170176846204266	0.005960767041616781
0.005070211757587507	0.006413624788591806
0.005118192686872005	0.006149082482761973
0.004963291164188673	0.0062335696324171755
0.004905590781704374	0.006224592909807666
0.0048773572667473175	0.006422724906427908
0.005088660394389058	0.005916853973606558
0.005123792450074655	0.0062657730975426585
0.005152170223682702	0.006260606961058995
0.00492539610075951	0.006432559345166705
0.004978835617029362	0.006298364316331241
0.004734152292114391	0.006360173867968803
0.00521842342009209	0.006352477348217572
0.0049336961473979086	0.005871844119954015
0.005124341898321865	0.006086332207019555
0.005095088109111315	0.005749393726307072
0.004883639547067406	0.006265514117417924
0.004891084779140928	0.005851071978665514
0.004983895199789302	0.006502529060526462
0.005027838967437993	0.006157235937295975
0.004609253961466636	0.005878605790191987
0.0051352609612919575	0.0060970863927652524
0.004749735442252942	0.006364040677659476
0.005151278839472127	0.006088874325912173
0.004606646064990492	0.00573426635225659
0.004860301539379548	0.005847331662687743
0.004568482887595546	0.006216708519226982
0.005028770493692302	0.005932166881053782
0.004665294127607785	0.006168190929351515
0.004892272097131351	0.005800499386673123
0.004699214107806392	0.005850666067828811
0.004767197262432366	0.0058905200222033475
0.004285899097242507	0.006097060577877542
0.00497792081560776	0.006097910544904625
0.004563854356223531	0.005784181784662948
0.00471680859675329	0.005873405945749873
0.004575549996210017	0.005825860610913755
0.00462766380222143	0.0060500184546149905
0.004788232732217256	0.005915875585789741
0.00427122089919646	0.006059727101939995
0.004616621050062454	0.005556490288588569
0.004713047652461474	0.0060350946436925745
0.004661516431352442	0.005735523464459482
0.004073745238717333	0.0058312325799882835
0.004683061508418453	0.005435081015630995
0.004851638280916428	0.006009486260172348
0.004524305521688725	0.006051588689637645
0.004335962112490151	0.006135213519095384
0.004598517987841687	0.005781659415505335
0.00447524490411132	0.00601977132714691
0.004910438871164435	0.005643127122936109
0.004677025798105174	0.005769490238238199
0.0045518434085441185	0.00544516906533244
0.0047075196226732275	0.005657727690191475
0.004416745749528124	0.005924775573951957
0.004414198247308809	0.005938905633634968
0.0046148621127514245	0.005664481141949824
0.00444722525175792	0.0056331608256616015
0.004742494887875341	0.005870577622302332
0.004749616388877945	0.00573147511157721
0.004494109112425433	0.005731064230408043
0.004380231447892007	0.005641204314553956
0.004764610495085174	0.005650834117803629
0.004727206986498262	0.0055843778040727595
0.0042502864858689916	0.00572410170368446
0.004329452162395581	0.005681131094990607
0.004446914186907671	0.005638661790216094
0.004323028455456213	0.0056159342334929805
0.004450908234822524	0.005780611204361545
0.004427387941278609	0.005501763144324672
0.004507514979478354	0.005462720819549718
0.004614229104055698	0.005573981512466891
0.0041835978583327745	0.005340335835390824
0.004418311096095541	0.005162318403736113
0.004716427887022538	0.005510454549712111
0.00452648424826408	0.005038350795940066
0.004232534691788118	0.005341286019374403
0.004484172727418398	0.005413928199886726
0.004199689931691229	0.005619448184862218
0.004672046311439109	0.005599014931919373
0.00431853817976469	0.0050090287863663605
0.004214058470776267	0.005440649788546905
0.004381068741619501	0.005355204735775929
0.004126797762877962	0.005462898502058355
0.004426255073369673	0.0056096548184935415
0.004244767038647313	0.005405960925555391
0.004462828134916634	0.005378702562890698
0.004132305458066434	0.005453546504851832
0.0040552741624766955	0.005228782203595323
0.003997700375873309	0.00570483152616375
0.004603862579325178	0.005137704308598031
0.004341244233388265	0.005351007085238197
0.004225332458192364	0.0052640878278207735
0.00419038658583774	0.005578878261458626
0.004132628549782556	0.00515092803068219
0.004067622212277238	0.005473159209846731
0.004237029174065196	0.005376673749313497
0.0041932119991603106	0.005258402121692819
0.00439558077000838	0.005189373726373883
0.0040351331696216915	0.00573137700139434
0.004202197425171103	0.0053649164144264
0.004177838019672793	0.005262512193983106
0.004015376275550269	0.00538404163197696
0.004222009860739232	0.0054129963257296635
0.004466763774082558	0.0051874798920591636
0.0038810827411485194	0.005070093899230413
0.004079136446595073	0.0050512531617726885
0.004402847992133781	0.005444635521365761
0.004012487550320415	0.0052639767771978175
0.004246066160129635	0.005334798571949508
0.0040251046667718685	0.005174164737763658
0.004065792188080648	0.005515674633270743
0.004338535853140273	0.0051717014501388835
0.004109218355569516	0.0052709092358799
0.004196236794950806	0.00509862217260122
0.004040267433221574	0.005008186792703525
0.0037705696537683577	0.005315119783930076
0.004162110966438978	0.005053752583821369
0.004301066603575177	0.004982287779108651
0.004123416677531332	0.005031239782539339
0.004086665188558457	0.004936612247434266
0.004019956137878431	0.005154831194357252
0.003908981541646788	0.005362314874935329
0.0037885630224751667	0.0049389546870702555
0.004286945488070373	0.004980141211811122
0.0038529460834827284	0.0049807699789098025
0.004182697049569525	0.005169648872587698
0.0040872081323317854	0.005026359492793155
0.0038806405063334212	0.0051167709791596
0.003929144123861791	0.0054647545829550614
0.0038838608171162295	0.004954766790509102
0.0037451045783971947	0.005114654079103315
0.004124269119586454	0.005216441784431049
0.004085663907389012	0.005306156737281642
0.004133547364412368	0.005108974128449365
0.003654281146061909	0.004803193752923806
0.003930352712673466	0.004919450680721796
0.004231539005167087	0.00500716678546595
0.0038277780650838584	0.0050551168883816704
0.004124559901930687	0.00480470447076674
0.003922090399365643	0.0050975373517856285
0.0035783105846558453	0.005265315419739792
0.003960344595601606	0.00526365402908864
0.0036380671168301758	0.004799929828385814
0.003963358458996131	0.004899687849512628
0.0036052218490265375	0.004972176831688875
0.0041545342324402585	0.005039469583789148
0.0043124301296548	0.004565976069077789
0.003940104667454493	0.004846771526966939
0.003608582417818394	0.004895162823026736
0.003924727356567004	0.004852867564566971
0.0037849039294556653	0.005016428227365237
0.0040058080012866796	0.004430339490313404
0.0040046870931713194	0.004608560623058488
0.0035459191023617556	0.0050095899958938865
0.0036380282163499017	0.0047109380799018104
0.003796839363164069	0.004942940342824969
0.003483780401674301	0.004424326841756563
0.004139473962262975	0.004583413955404775
0.0035140196641570004	0.004952154742633101
0.003702780561779499	0.004841961848507755
0.0036738230179807034	0.004615991954507332
0.0039046146261055067	0.004933252488252046
0.003915583370189359	0.0049068830735096505
0.003770538543692867	0.004606420965656621
0.00396768876907256	0.004760371845911145
0.003543023500180967	0.004702603734222307
0.003587251857047023	0.004823081083671432
0.0037257072888060515	0.005150995092542334
0.0036598634915603573	0.004654749696716583
0.003776568362929276	0.005210617627661969
0.003698019899080831	0.0049802245293810166
0.0035108117010349106	0.004841679571483493
0.0037471352948509674	0.0046100228857402815
0.0036769955291400106	0.0045641679786178994
0.003815093590835616	0.0047105802932528446
0.003585195791606824	0.004910775669058861
0.0038975919739768737	0.0045403768905222215
0.0035406289002078923	0.004699831011714326
0.0037450202045558583	0.00470004004100505
0.0035694719879249995	0.0045416473462408765
0.003489780403264027	0.004528051787922178
0.003237956037235584	0.0046255936641964954
0.003649425190723894	0.004301465698608024
0.0036536591983324348	0.0046777712941965385
0.0035639388175692475	0.004607405998586509
0.0038586588534141666	0.004649493462868699
0.003665090452976383	0.004538136576417661
0.0033661418495292772	0.004799174346446436
0.0034837526916584732	0.004741366448609968
0.0037424270959174107	0.005016437831436425
0.0036944628384076948	0.0041254585216203305
0.0033692026794163157	0.004872584188119217
0.0034845871532817726	0.004906616481360674
0.0036692563193673395	0.004495886952646606
0.003593328403589857	0.004348763747812684
0.0034731573526787037	0.004234334409870008
0.0036302293702672296	0.004633795802833093
0.0033048135201266637	0.004316019468939769
0.0037997388645173167	0.004695809446230526
0.0037721343205009963	0.004226495927035231
0.0034337418712683154	0.0044170708831512235
0.003823698268579909	0.004498213091579402
0.003130555607063075	0.004344679584792148
0.0032929975072917015	0.004389727708378771
0.003537200830930437	0.0044180938626948215
0.003179534940920831	0.004411449187818024
0.003355401524400948	0.004350745499021446
0.0035783075817269116	0.004320414953547855
0.00350240140235238	0.004283187261017322
0.0033478919208941517	0.004022349356029402
0.003378560764642176	0.004249666815021662
0.003260309095940111	0.004585032262750234
0.0032587446583986516	0.004413757818193324
0.0033035258364664285	0.00434877280565503
0.0032887431851791444	0.004050318162936569
0.0032683469842414124	0.004366949137038164
0.0033425176421086156	0.0045886991751629995
0.0033597521234413424	0.004484068088058877
0.0032087715760800114	0.0044324072632585115
0.0032431063308169194	0.004493691470351335
0.0033289953558910622	0.004430522801479336
0.00325347000106856	0.004347252899853656
0.0031351156747064725	0.00466581237546298
0.00339862070263447	0.004069008727303487
0.003367369683859277	0.00465772931333195
0.0034096402160022623	0.004025395270650356
0.003502124590399643	0.004328600179164245
0.0038171433023824193	0.004594217929842824
0.0031962582673198663	0.004290520520160495
0.0034337285750280382	0.0043191634307210595
0.0032632867520761286	0.003967195400377238
0.003410037341981535	0.004159967005382165
0.003249612521218932	0.0041277851736829345
0.0033520689391021256	0.004094676436187889
0.0029757789348865294	0.004290364811456933
0.003614572952535646	0.004116077432857814
0.003579579096267412	0.004024125716215435
0.0035732979654292413	0.004496123154900409
0.0029493876972064514	0.004124024528202211
0.003489798848138588	0.003915258704104187
0.003250092184559631	0.003974648855608146
0.003075598155278016	0.003999872568664811
0.0033163446080081514	0.0040867965694828855
0.00319512331619913	0.004049104502257622
0.0032463256792759063	0.00384809424806397
0.0033382745215599268	0.004045161719770947
0.0035372144929192613	0.004382790754972505
0.0034548033463619146	0.0039377978399041755
0.0031524492494848537	0.004294104322360607
0.0029662667365880535	0.004493964531573494
0.002759443839362234	0.0042766225877909
0.002902757598482121	0.0039270783318300735
0.0032781930133079507	0.0037860255592918005
0.003136258655314576	0.003995273882733546
0.0032799710107599377	0.004140809499730955
0.003208918175242097	0.003918457698520218
0.0030974985799589404	0.004368061174291898
0.002877116426398164	0.00383356455440754
0.003094090689082403	0.0038828466934930105
0.0031267948831480777	0.004310446471173584
0.0030892578977881223	0.004195351823460728
0.002695501749305847	0.0038767017125965527
0.0030411927980271477	0.003916052560068403
0.0029281477087638344	0.004277666947255064
0.0032593780423712847	0.0041176748372738605
0.002927495838092297	0.0038985151488437775
0.003298002660813809	0.0038976244079672404
0.0033761722025495234	0.0038792783623514387
0.002859408330198416	0.003932979462615825
0.00310544642347798	0.003823377390158471
0.003200537507111223	0.004010372590551914
0.0030237984124640935	0.003667910437185664
0.0029910490999566683	0.004083121974940372
0.0031069299895356305	0.0038936173294905336
0.0031797183836530653	0.004341670374503393
0.002864605459509867	0.004030132137559786
0.002928235690471054	0.003975510849940948
0.003291511410822972	0.0037045913306943527
0.0029880967904191615	0.003922474236885825
0.0028737227602874302	0.003776659555743995
0.0028843195865879425	0.0037775822393939992
0.0030862083540001643	0.0037480692627853136
0.0032675776780940772	0.004008349628849244
0.0032706777838537172	0.003690369532014169
0.0027312361024396277	0.003727859108904751
0.0029314458556814337	0.003936893144935775
0.0028268960362177195	0.0036442499985876163
0.003046282353288413	0.0035279078272376614
0.0027367524843663325	0.003946398170320198
0.0031053801343469307	0.0038955791400087578
0.0029301519109479874	0.004074107977708801
0.0027979360988069388	0.0038853171723361355
0.002861512243285255	0.003692728193357443
0.0027581488828559526	0.0038151043704399553
0.002925289209164101	0.0039144310757918575
0.0029494340944121286	0.0041128380627596965
0.0032835016582174153	0.004067731559996969
0.0025499335582958326	0.0038552893578144287
0.0027448656527158115	0.0038985156524640368
0.0023703562655941488	0.003916606576880102
0.0031503907745423694	0.0039341059256457304
0.0030027202517017033	0.0038429272315040402
0.003192286563988937	0.004218477988180396
0.0027625329934654395	0.003852938023243672
0.0031850632732505764	0.004040299847242942
0.002741109075711883	0.0037928572571502726
0.002992094349025816	0.003979396268079395
0.0027320819612613925	0.003611692683908066
0.0032990988002599224	0.0036646262440820656
0.003079369139815307	0.003711856752216529
0.0030377248116282046	0.0037313297472394186
0.0031661962837417866	0.003910256560936447
0.002743151195181876	0.0036611479013391917
0.0030582941380429426	0.003631191568095037
0.0028523477890263224	0.0038361029917387203
0.0028882029288512653	0.003423604400518192
0.0027006402845660684	0.0037328607713699663
0.0029596590451831284	0.0037153823388907537
0.0027580818800520984	0.0037729018999915916
0.0026856989904849612	0.003495843606832954
0.0031119900264395053	0.003982912171947028
0.00258364945254109	0.004159028648893587
0.0025902210946594207	0.003510267961919367
0.0025993204853384157	0.0035710839230862143
0.0026224621142021125	0.003803906602912879
0.0027901283294303955	0.0035414509159146933
0.002646003491671499	0.0039827241844454285
0.002466701016818209	0.003692737306243683
0.0030589025151374215	0.003770950813611164
0.0026836451777867655	0.0038123735875861373
0.0031253432315244095	0.003850659946828557
0.0025173055561528187	0.0039357585747141904
0.0028024390201287254	0.0035519796392705916
0.0025324445785472327	0.003730538536516346
0.0026714832798626093	0.0035372817008634044
0.0027693768207920104	0.004125458278741306
0.0027809402160264628	0.00338063771700265
0.0026788892133411462	0.003563779830970196
0.002842688828755369	0.003332393800973084
0.0022870708896571496	0.0032154235655421693
0.002721377378821427	0.003441502626048773
0.00262393780908506	0.003615265286530174
0.0030174920022409185	0.003436708224446849
0.0027964696100279893	0.0036207748610589023
0.0027331429113332207	0.0033860301995890033
0.0027821245946721964	0.003812556297726811
0.002858235598063057	0.0035433052382473564
0.002986501492278263	0.003480499781482425
0.0029113611469694157	0.00356643251004187
0.00306818117483393	0.00350252049922722
0.0027569805923554993	0.0036947216818467477
0.002670071146491878	0.003193490655986339
0.0028000894148110696	0.0030440094624563665
0.002664623240095329	0.003548654339782563
0.002827096982935394	0.0035595718939524907
0.0028283939060520426	0.0037921630475222165
0.0028222842686430856	0.0037836260272231326
0.0026352923344512462	0.003345186116258996
0.0024117611916452536	0.0033819046744022227
0.0027727955165191315	0.003372361343329293
0.0027731543184768208	0.0030691772593111934
0.0027902110530434224	0.0030070733242087404
0.002558519350002517	0.003860121896368122
0.0026973408859297422	0.0031389757983686047
0.002483172948970638	0.0038197089757617776
0.0026852194343716376	0.003155228860659509
0.0021763011033768343	0.0035155278076171707
0.002541626183783028	0.0036640893371947753
0.0026915309638499496	0.0031512829409545747
0.002777476313411945	0.0034165552941529385
0.0022566136917031867	0.0032385394154112257
0.002636482528776113	0.0033451690774931476
0.0024993707289658693	0.0029978704356399466
0.0026718167126413613	0.003792160626450663
0.002531312126877824	0.00321726810011291
0.002677712407138934	0.0034160529280312345
0.0027705434122639932	0.0032361639452875013
0.0025686597088862605	0.003271318498949507
0.0029195165010180275	0.0031335888781375987
0.002570079712585172	0.0032665998272673937
0.002855221977036329	0.003314174896952089
0.002465377084876665	0.0031937904239577185
0.0025884561326983014	0.0032920353819917477
0.002569592455880999	0.003319895861817576
0.0027334926226912147	0.0032105821045331595
0.002590820343654097	0.0032415095455576998
0.002455385663436451	0.0033769074698859025
0.0028716276753893905	0.0033882443453047925
0.002756709933999972	0.0030023042186220978
0.0021674744703234446	0.0031871854325393493
0.0023052102507689575	0.003233483379262202
0.0024199809052538545	0.0034252246889428625
0.0026301785827490395	0.00323517936572993
0.0021769451068102364	0.003471603215325104
0.002355171848567962	0.003358401348851762
0.0022490658617392856	0.0031683744108508913
0.0024400765999337427	0.0034793529575660818
0.0023881302987217422	0.0030708060959596228
0.002450129156017825	0.0029740497615588046
0.002433831996672449	0.0033495734392073005
0.002430827438887324	0.0027484867710838587
0.0024993732477838087	0.0030249904602893153
0.0026111240551917707	0.003090332055070117
0.002297613282356745	0.003261849396120944
0.0026029862393120596	0.0034001433367252315
0.0022283644868728645	0.0031410245649565382
0.0023624404751835773	0.0028759350555218497
0.0024872443082872286	0.003070309690811438
0.0022222874172332647	0.003171843109924617
0.0019969523931714205	0.0034450924165491913
0.002427961779718169	0.0032296024384399413
0.0023624687364884505	0.0032866931594454293
0.0024821199220872244	0.0030608740606138268
0.0026130317421757527	0.0028471109652640943
0.00215969092805863	0.0033136894732091683
0.002382479827167403	0.003134442190675271
0.002070775905006084	0.003575301999231835
0.002162464377161086	0.0034127806972415672
0.002130040875120981	0.0031663544684535343
0.002257520779105651	0.0027348390771339296
0.002654793498277206	0.003035853819174694
0.0024733253450333155	0.0033828971068260577
0.002319590286261862	0.003106228342715671
0.0024244672644677685	0.002755558080679462
0.0026104498335127084	0.003202400656191697
0.002327342674469931	0.003066593897955881
0.002080290457934139	0.0030134828903556404
0.0022865277742750633	0.003115710893812633
0.00258936051506617	0.0032563049299562225
0.0023782214484616786	0.0031727292421844036
0.0020991692485841508	0.003089005770972165
0.0026924645434417732	0.0031995776011083965
0.002289480816700053	0.0029046647929983206
0.0021568007545036258	0.0029294305008728465
0.002385405471455316	0.002921921968482827
0.002726305591334379	0.002934931962087662
0.002335066410529491	0.0025994525021386873
0.0024121475464261646	0.0028976338331924557
0.002071452604568718	0.003132381384645553
0.002592556448011901	0.003014065339114902
0.0022128015356127793	0.0032410515937323155
0.002229792064456899	0.0030999375023286094
0.00237379939244981	0.0030730857135908445
0.0022481042693558904	0.002728141248852439
0.0023456124742580447	0.002860867327925145
0.002074551671905632	0.0031399617396094394
0.0022225663704028994	0.0028603799902008923
0.0024448937572604176	0.002922557095239913
0.0022383037637077694	0.003030198100141805
0.002109785189339729	0.0029885886810390072
0.002348184313101567	0.002750801247792006
0.0023238121493215722	0.0028246575120445534
0.0018723412500783942	0.0028567972376651878
0.0020744664687511118	0.0026083554052081285
0.0022321621996463535	0.0025205018930319818
0.0022444396733594107	0.003092204727384424
0.0024793030673103127	0.002961502026728668
0.0023319462135201886	0.003018946570695807
0.002241717297418272	0.0031475079978525713
0.0022958976458257274	0.002774563510542089
0.00220829667028772	0.003003957912731457
0.002233043696948734	0.0029978328855972767
0.0019428976006383564	0.0029457287871366075
0.0023840020454638836	0.0032492811540949787
0.0021764617243457	0.003032746193014981
0.002286903757380978	0.0026854458711472605
0.0023684100409967733	0.0026102702171107396
0.002342957612847014	0.002448711207179324
0.002008786520114908	0.0030647939875292785
0.002293478219233162	0.0027581780806953554
0.0019399377867383375	0.0029966393155609746
0.002068697718177771	0.002828968029698564
0.0020830419880339527	0.0030772866271816957
0.0023403266559370015	0.0031331739020010914
0.00238666851801603	0.003077129017367408
0.0020506557609906145	0.003184333543509796
0.002294953883605538	0.002821713977633397
0.002621284117704077	0.002576706287274319
0.002153974931378117	0.0031581524887562104
0.0020492628596070427	0.0025003711356853904
0.0019422254436667484	0.0025314538392983556
0.0022060595794076467	0.0027377005347771024
0.0021464073220905256	0.0028863239283150005
0.0024677715226103527	0.0029337150287118037
0.002276475599969205	0.002873216741903327
0.0018028596350471214	0.003037597524311743
0.0019485166456002065	0.002752995515050204
0.0018029074593727797	0.0030064773674638146
0.0020417219044106157	0.0027855362676261495
0.002129519129188473	0.0030029431996189964
0.0018371088270151058	0.002777206884161867
0.001968920680672809	0.0028278411350442264
0.002112310119980661	0.002817904556582032
0.0021572784476114404	0.0028452708246668665
0.002375803412102812	0.0027837986677735414
0.0021976152505790076	0.002672429746168268
0.001789050962547542	0.0026195955196075594
0.0014947155808857034	0.002593656088921922
0.0022187426282767432	0.0028885532287814494
0.0022720447920238592	0.0021732707919702235
0.001956645690667083	0.002534399711678001
0.002233746061497708	0.003075696834692189
0.0018601068753065144	0.0025596882816664667
0.001970858711156865	0.0025697583738596864
0.002070839609200469	0.0028148438553157154
0.002025389575210514	0.002614668768639414
0.001853832267815244	0.0026135455685492195
0.0019279505177644458	0.0026309338692892107
0.0017934717990284988	0.0024002632626476434
0.0021633017610590737	0.002746245378442451
0.002263258195049676	0.002980804299684306
0.002133858672112731	0.0026565014054165358
0.0019398401499095559	0.0025449228883358053
0.002089630673503835	0.00267398268269868
0.0017200590127062953	0.0028085339241042265
0.0020226098937780553	0.002347214813754438
0.001643025990601727	0.0030481004626654006
0.001762676091567722	0.0030405801040882733
0.0021920897935754444	0.0027337639926714933
0.0017912138592573045	0.0021752150433991336
0.0022048118673671196	0.002779598806044715
0.0020259708486804247	0.0026245003365875747
0.001568021449738585	0.0024224138226323277
0.0019112585014081033	0.002632636008694285
0.0019501008711524527	0.002930487394419077
0.0018908659610958863	0.0023101845840880976
0.0017530896300028088	0.0028255312433071444
0.0018866435382426524	0.0028052857244912502
0.0018765947197125644	0.0022676225673517185
0.002021933292904476	0.0026671730359199867
0.0023277765977440224	0.0024871795700247027
0.002108661810681101	0.0025547374777677868
0.0018316897945340905	0.002640373920361761
0.0018321078623789303	0.002862529939922898
0.0020650709931270173	0.0028402081112768453
0.0020599229211954893	0.002319580337336871
0.0018578190432588754	0.0027081088028844446
0.0017468589361275464	0.002465646306793374
0.002114161398173655	0.0023980971353964797
0.002142167080712881	0.002482334157765216
0.00156653300234904	0.002380949736015769
0.0019242686271505175	0.0024006551677187567
0.002138453192807029	0.00251388475581261
0.0020299184413171936	0.0026950721893438606
0.0019046255450699018	0.002424113386026278
0.0020150653595337195	0.002795539065990589
0.0018015040332289023	0.002447485498495919
0.0019461222846809225	0.0025930305997007574
0.0017175982125161471	0.002727451831437411
0.00232035236693064	0.0026380758676312977
0.0018967190059641648	0.002578673464531203
0.0017836365920731116	0.002289506763798428
0.0014534995687860198	0.0026355469337251613
0.001483868517672164	0.002332223495991826
0.0020785429646382934	0.002398587838036348
0.0017687594572549112	0.0022048021605366825
0.001730002754618158	0.0025908070533288397
0.001850762905777555	0.002465449825853528
0.001947221580739494	0.0026707172331814195
0.0019411831506414168	0.0019299243813575091
0.0019836116086299304	0.002503967602626525
0.001677107092089945	0.002443542794391249
0.002091384762739964	0.002433328752916135
0.0018559192936196726	0.002452568361711627
0.0016775047549633464	0.0024301527879639208
0.002056229564659385	0.00217715623750288
0.0018116765282386055	0.0025472018969518503
0.001834709465394377	0.0023816411449711443
0.0016453100558777795	0.0024455561554273344
0.0017458939413149644	0.001918893119413817
0.0017096015538398657	0.002051027086780651
0.0019199027043962451	0.0023597055941894135
0.001620147967070161	0.002341026005400959
0.0017631116691557503	0.0023376160646441566
0.0018606949252171312	0.001973076379451508
0.0017501536567960025	0.0024844990591935344
0.0015467458178302354	0.0023881656686122873
0.0019162210330295865	0.0023103691921173
0.0016438341609557045	0.002129667489596224
0.0018197372452077123	0.002266391919402478
0.0018118313363217405	0.00222470377364448
0.0018615994285686613	0.002256769290716042
0.0018821176800759088	0.002257506776397627
0.0014910797435717907	0.0024290810465171014
0.0018847581608784317	0.0020558118985474806
0.001906538420398995	0.002799403550751106
0.0018643664076256146	0.001984857866981865
0.001906150809168519	0.0025460229495582855
0.0016228648838922106	0.0022688078690680335
0.0017830273750348493	0.0027325126943842357
0.0019090884643656976	0.0025508603782317778
0.0015206010343699987	0.0026923117636813904
0.0016878004179937648	0.002160588396062542
0.0016247753294618768	0.0025546087880314655
0.0016504834116225797	0.0023760967970073267
0.0014795372890251753	0.002345831243158278
0.001987768258451119	0.0022757878974578615
0.0015795888073972609	0.002378963286152731
0.0018718075079317245	0.0022156926524462025
0.0018942935492262825	0.002234559366903547
0.0016409843597468736	0.002251576334969197
0.0017655368861135396	0.0024648946585650437
0.001653914889281894	0.0024845252413043853
0.0016179023862070354	0.002117348156018497
0.0015258556892765649	0.0025546234667964927
0.0018495654858073501	0.0023725364805845593
0.0019331148074983146	0.002116407696714615
0.0018891398879946095	0.002118157391004153
0.0015698867889431486	0.0019985321018159883
0.0015380977275573759	0.002224005095475377
0.0018872457912988499	0.0020313329667409246
0.0014193992839154897	0.0025134941208123734
0.0015718205750932634	0.0023853960864083715
0.001701521286082151	0.002301100411256911
0.0017743751740854964	0.0022147085347799015
0.0015182254132060755	0.001934597201259322
0.0011681709751800023	0.002639363243675952
0.001718803650177012	0.0021948449481729937
0.0015452809187550501	0.001986166523167883
0.0018369041562206726	0.002168653921232989
0.0016381032223782112	0.00238300077306258
0.0017503274212128817	0.0023235220024587547
0.0015046686469905848	0.0023786422894995687
0.0018811127169942254	0.002104334847360698
0.0017929092935538315	0.002083998644271768
0.0016888606221752219	0.002113621503464672
0.0016380675383411672	0.002021577120257871
0.0014953165525477996	0.002283327292652705
0.0013109883545422629	0.002442422907441272
0.0016387639667161706	0.002264374618064697
0.0014684697417796904	0.0024015934494451665
0.0015733902164231967	0.0021513155534107838
0.0019858719030767524	0.0019184122744622214
0.0014014491210738737	0.0021156552143057217
0.0014001177721757858	0.0022474904444532624
0.0011682126351406042	0.002242162187707252
0.001745402736153137	0.0018781704240014383
0.0016255833140196732	0.0016949512518182187
0.0017625582291657597	0.0022291934436171083
0.001678517138823621	0.002195676984741762
0.0019053038498590305	0.0018512567331688515
0.001442716240907448	0.0020927837409345372
0.0015354632046037705	0.002077268575135041
0.0014501525559855238	0.0019270703682237236
0.001837965859151699	0.002072624601757358
0.0017278754869950984	0.0020197132738124317
0.001655334332937226	0.0022879529798474443
0.001596964043066738	0.0021975258112849204
0.0014829933102543085	0.0017887550589652337
0.0013968359423662318	0.002381707323346826
0.0017894070787501013	0.0018970692465294908
0.0016578774670619229	0.0019153629542072964
0.0013434114935555097	0.0020750522223711198
0.0014679138515442947	0.0022257654355950264
0.0014073567766584385	0.0015657588820964766
0.0014583635777565185	0.0021872191934546705
0.0015478555803632816	0.0020185789127799506
0.0016878048723917023	0.001782037477813625
0.0014193427233760265	0.0018603383032726212
0.0013878752861996933	0.0019467728844339948
0.0015144590778795916	0.0019552981427981776
0.0016054677099164119	0.0019799602375509483
0.0015688597931015006	0.0023601557170055496
0.0017202456450497044	0.001855449516714043
0.0015928158026782455	0.0019659922842264273
0.0013015764840814616	0.0020304446780624466
0.001899996102841749	0.0021088520341706577
0.0015486822997146069	0.0020010092354813703
0.0014331491508355245	0.002014503954523807
0.0017015912457640913	0.0021461710406670952
0.0013544977934486864	0.002211454426494668
0.001587385214800019	0.0020044834179207115
0.0015923896179291291	0.0020424639818726205
0.0016469345801804574	0.001928922770671381
0.0015266744171651934	0.0020470684883966
0.0011482225797638437	0.0022448299064685316
0.0012874049897451528	0.0019369990808635067
0.0016210671645770047	0.0022205566122400953
0.0017264936393463638	0.0019674658651186267
0.0013493945920046682	0.001923548405682182
0.0013287158458794549	0.001837040867103003
0.0015526920923988673	0.002136818632412756
0.0016136082537219197	0.0017647232475831223
0.0013632623643805592	0.001599838362867107
0.0015028567538729904	0.002012822594517335
0.0015603330587486632	0.0020256529440524284
0.0018871771554332558	0.0016609287340686911
0.001656405199449929	0.0019842768345632086
0.0015929037589818538	0.0019726372205756794
0.0013563233517331903	0.001792678569109934
0.0012561069207137768	0.0017621765455490836
0.0015469170911670375	0.001697073984040525
0.0015747276936534226	0.0018431101126651244
0.0017995969774819754	0.00203750416849317
0.0017749530735607167	0.0020564097444438893
0.0013661701433485426	0.0020785544622237014
0.0016402303597874818	0.002103492568985141
0.0015489167096682651	0.0018124914023905005
0.0011018527137946676	0.0018350774466209066
0.0014091520108468068	0.0020518636782632027
0.0014704852700136765	0.00175626498737651
0.0017874335974122622	0.0017332904911773602
0.0014651617309469863	0.0019460611546949478
0.0012522010118621407	0.002136422109261339
0.0015892406351049875	0.001613857358157995
0.001654457558601462	0.0020897481656811157
0.0013873211906322881	0.00196607718244885
0.0014530089108189094	0.0017337783064849859
0.0013618894168660454	0.001891033973692507
0.0014173992264153669	0.0017860510792493192
0.0015515042571644952	0.0019763615666699027
0.0012626220981260216	0.0019365263779955342
0.001552317939251103	0.0020441469129029092
0.0015696321351235305	0.0015521967446742876
0.0017111075251909774	0.0018937416947405732
0.0013463277639270748	0.002213861421369886
0.001457799086717887	0.001963093112523669
0.0014674023983375008	0.0018442534942429598
0.0012000627857364056	0.0018744573117353968
0.0011704137768377024	0.001506507677285541
0.0014649387244218594	0.0014909951740296088
0.001258271128823134	0.001391096760111687
0.0013813940482583886	0.0017913458071982052
0.0012005295716877918	0.0020297964952032312
0.0014427632616389528	0.0019734931287875056
0.0015784963322659177	0.0019498654100159702
0.001671749122777158	0.002123194491937509
0.0013895563248979318	0.0019820307909257937
0.001525447269321431	0.0021204393667741397
0.0012984796206793872	0.0016737443108506712
0.001059544145971871	0.002039498487949599
0.0010206260899042862	0.002114694816183466
0.001208064714755103	0.0021286015113476733
0.0014004935507618086	0.0018086429248019952
0.0013489439110153042	0.0016179383655002193
0.0012746063504625838	0.001745566125550092
0.0015816253047682208	0.0017960778291252625
0.0015326072488804905	0.0018097464763088698
0.001443133747430967	0.0016843444351364127
0.0013626972591900626	0.0023651081147970272
0.0012313210128115778	0.0018317975521521396
0.0014500126946333353	0.0020911448260151093
0.0013480114672964017	0.0018808737059085611
0.001547268702504673	0.0018567554242398243
0.0014747195674387286	0.0018152884404109774
0.0010290939804070576	0.0019850735740727216
0.0013779481468106183	0.00169377273672094
0.0014122355388692584	0.001852921495657386
0.0011933199876049442	0.0015713608032512185
0.0014269732171716845	0.0019341687208956294
0.001340582423871072	0.0017227692150223483
0.0015662067130580116	0.0018087084562810928
0.001076018259482918	0.0017361458772333848
0.0013449212908963988	0.001783251714840596
0.0014613535718301341	0.0017342523377340009
0.0012573707948971106	0.001821176832603135
0.0013992842813285423	0.0016520293960186742
0.0008144824494046476	0.0016955364918268994
0.0009658400530768781	0.0016461721038740702
0.0011500677556849994	0.0017295576326874966
0.0014153435283345505	0.0019096925403335112
0.001220392153997861	0.0019984899063654566
0.0012282757415105574	0.0018406754756613625
0.001307622605206665	0.0015894929867402915
0.0013398470229513879	0.0017154304161470335
0.0013321284170125535	0.001815877072823986
0.00133771560044633	0.0014060293353001419
0.0009766534500266302	0.0020227101772868124
0.0012944743838651282	0.0018001847904330274
0.0014589568131141977	0.0016937902682006162
0.0012361897586167518	0.0019457266537326013
0.0010257983060591844	0.0011851035449225798
0.0012006114023693506	0.0016105791931028388
0.0012027406180588696	0.0017287487377437563
0.0015554903017624868	0.0016028287423313532
0.0013183047234035029	0.0015095954603373085
0.0015133631085632595	0.0018594776245465306
0.001060276578958877	0.001972534385362562
0.0008446598957912549	0.0015627430841582508
0.0012639030602460816	0.0017733381997321893
0.0011050073553721534	0.0018405492439557188
0.0012199427024366751	0.001515513696085342
0.0011722243116187047	0.0015821994292482234
0.0014542610051152495	0.0018619717949720832
0.001219180201877827	0.0020622376618730097
0.0017673369774519581	0.0015065078982466939
0.0013972253967933117	0.0018533194373110177
0.0014781028898761368	0.0017162267560455293
0.0010668530164505163	0.0019327402683293963
0.0012974705474074484	0.0019861211168926618
0.001223100031631494	0.0016731744659123236
0.001318248664960277	0.0018047299784503287
0.0013586549104133761	0.0016087883493131842
0.0012407640093116466	0.001591621608522391
0.00103452905839212	0.0018734176522709224
0.0011671693816989567	0.001865588262762396
0.0012462829674472283	0.0015593129476699484
0.0009558439299999572	0.001459063681956664
0.0011675548179193728	0.0017229124692423351
0.0011419355594553466	0.001670211069006314
0.0010666686421970308	0.001756130066434773
0.0011547686996591507	0.0018192316926249927
0.0010545636819704078	0.0015320730128881431
0.000960668286326601	0.001716135677043712
0.0013631994200344597	0.001479993746399399
0.0013428774987674095	0.001547989463305983
0.0016246760001486248	0.0016018856997249008
0.0008173721734741371	0.0013598196002769804
0.0014112735447749968	0.0014578584577225767
0.0009858992385155603	0.0016607994618731358
0.0009013681942548487	0.0016217667068551688
0.0013646346283273743	0.0016919682441737499
0.001489304414368674	0.0014356021598389316
0.0013113529134385097	0.001855626659061517
0.001384404007309389	0.0013806889307573494
0.0012783237862968872	0.001341309119592957
0.0009389285309695097	0.0013488480546917972
0.0012557506780232301	0.0015717758712510516
0.0012770489328994467	0.0014191989937817084
0.0012127421911023208	0.0016372941631894915
0.0010733629836580927	0.0015389052843440881
0.0010056018279872873	0.0014192605394340633
0.0010952431306800964	0.0013690312492798912
0.0011996849927178247	0.0015865476417627955
0.0011491644127227514	0.0015759629069257146
0.0009987893968932576	0.001841441474450578
0.001015909854843884	0.0022061280652753913
0.001291470639470044	0.0014392321481156646
0.0014796373861906387	0.0016477045922830124
0.0011674266323364886	0.0013801305098502168
0.0012287242565908398	0.0015421186323565672
0.0015621303455935441	0.0015077582242412964
0.0012689179058759294	0.001327911590464845
0.0014627347481545269	0.0015098192635906362
0.0011460946772638252	0.0018637329203852054
0.001177428375465169	0.0015411084330729152
0.0010561517273255233	0.0018597643576145357
0.0011131335753985598	0.0011177861068739784
0.001463651160044786	0.0012448767887217494
0.0012919928594653939	0.0013504448103206948
0.0011523221931558963	0.001136253727936075
0.0009866968982779412	0.00141256057660453
0.0009978452189862818	0.001520276891051341
0.001255481967492041	0.0017597734503842482
0.00118148229384276	0.0012260616799782615
0.0011627664103062221	0.0015202631395378223
0.0011418145972944484	0.0013550278116679381
0.0012961233862291385	0.0017843967719240418
0.0008116745217693243	0.0015261559278294378
0.0008503186589196237	0.0015389429005110095
0.0014369166423198736	0.0017590644082504786
0.0007962203004969488	0.0018239408323073836
0.001451218254863767	0.0013536669192670263
0.0011104751247519172	0.001694246947146383
0.0009842181450995255	0.0015239502551662324
0.0012289508774540427	0.001578165435676959
0.0006273434595337632	0.0013134480875628446
0.001032779979569161	0.001185844876776411
0.0011691485945602494	0.0012372348944871589
0.0007089137100097853	0.0014864511218429205
0.0009849205153573157	0.001424799538084779
0.0012275244833774071	0.0013797391004044908
0.0009038238889844458	0.001460390295739614
0.001147791454635113	0.0015118869271647563
0.0010005355405085909	0.0014143572006931424
0.000977654955529302	0.0015298797113678817
0.000924735657994858	0.0014210022780068031
0.001133810722260419	0.0013012941951116087
0.0009457748564835642	0.00156149758440189
0.000892864614484204	0.0013464542788964886
0.0008296435480386685	0.0016514914125114535
0.0010419675979269933	0.0012928853574507768
0.0014158775860707421	0.0012351951940048475
0.001583766605241494	0.0015962741288149786
0.0012741992374929259	0.0012816428332081222
0.0008597213887771291	0.0014390426850307615
0.0008305086029212719	0.0014562445476768446
0.0011430578218079677	0.0018581680623061792
0.0007975561132732276	0.001369508467219365
0.001138786528743737	0.0014339669971953498
0.00098691428247582	0.00107787193345132
0.0011779418414671063	0.001589910798175623
0.001073279996275623	0.001337149198797506
0.0009115879403045921	0.0013684817825470597
0.001028966509928691	0.0011929041457491433
0.0010763144483919636	0.001262314343969472
0.0008875141549859485	0.0014846018004129203
0.001273610863805596	0.0015236142395295411
0.0008548828199530394	0.0011959469348305051
0.0007923157089545097	0.0011439208902312506
0.0009169677893625422	0.0010800855880407222
0.0008144702784401888	0.0012708144641823725
0.0007777864045977194	0.0015103491948851302
0.0011991368459940415	0.001452746473477392
0.0006823563835074199	0.001533143163753333
0.0009861809469507282	0.0013239507931373348
0.0011688752068495475	0.001161818526366872
0.0013029889962084575	0.001348106587307302
0.0008769825884515404	0.0013606937961851918
0.0008127587007489261	0.0011077288375523086
0.0008023296216623212	0.0014330937286624562
0.0009598530274521727	0.0015258164155530869
0.0009145631258066021	0.001558852036359476
0.0008943259756529048	0.001601742490953217
0.0008606626496770482	0.0013499533654288075
0.0008108007302282387	0.0012500098068639438
0.0011510575550319744	0.001445637681569579
0.0009041200789378969	0.0009954462486831015
0.0008245716142031048	0.0016945168443779006
0.0009578803305812403	0.0012179484948265727
0.0008854239816062983	0.001511051638738989
0.0014506651395612064	0.0014060129762398176
0.000898904085865733	0.001468839430801117
0.0011580455345255622	0.0014274110905191113
0.000883092640624788	0.0015346309623327041
0.0010581875296468072	0.0013308194311928458
0.0007826463319841247	0.0011909814782136512
0.000670474699521935	0.0012894696925845742
0.0009826685251058795	0.001349856283407906
0.0008462399486872503	0.001517145673749766
0.00108028901983708	0.0014792189970419406
0.0008865908075553888	0.0014249703206019326
0.0011062361426957342	0.001222617626931581
0.0008080425360817092	0.0012793283897991792
0.0008557406360798949	0.0008369203838846977
0.0010153511709816107	0.0010427669501660148
0.0012679480369331456	0.0014567713888336744
0.0010405356634958498	0.0012878224356628765
0.0010523994347372328	0.0011233343829065083
0.0007405108398724919	0.0012713522248509765
0.0009054783802068186	0.0015758775662864494
0.0008160664441723424	0.0013027324787144704
0.000796970750285941	0.001409530091005993
0.000869915076851873	0.0007813404485648449
0.0009536489012402847	0.0015124189006655183
0.000965773502453704	0.0013587175810593883
0.0008510333462778294	0.0010807532608730817
0.001060316504800723	0.0011108453517007524
0.0010975495129512537	0.001153103766155659
0.0006158028764824006	0.001472094747106739
0.0008051826117234546	0.0009751908077082734
0.0008297636752178976	0.0012413716053144897
0.0008804516969454963	0.001309845094552256
0.0004125317285577156	0.0015413109280141125
0.0011708528507726572	0.001479048032475946
0.0010557360377842666	0.001465223916379643
0.0010531805036187913	0.001361531080804974
0.0012161420594322906	0.0013404639055693242
0.0006361721660386375	0.0016249751405647585
0.0009946078887910603	0.0014584846363242825
0.001293400062559283	0.0008458792136566221
0.0011947897975818913	0.001170303323782744
0.0009917798242066863	0.0011879089634631826
0.0012085429923008129	0.0012156314996786487
0.0009789485987407793	0.0010761228133907876
0.0009449693297279552	0.0016009847970273124
0.0008182270223597418	0.0013699169348555134
0.000820955718216292	0.001378396654936156
0.0007859384851594845	0.001150627790866956
0.0007168048794299328	0.0013250330403238484
0.00119009103930328	0.0011762492989439907
0.0007627202938455653	0.0011873353960592961
0.0007135969531154457	0.0012321343115650077
0.0007364010399254545	0.0013645076479447224
0.0009413152463334597	0.0014219278678998142
0.0009530489162850918	0.0010208546689283483
0.0008840719367585459	0.0010209367762732055
0.0006738059695854976	0.0010354206803491635
0.0009147127846352108	0.0013488568271413561
0.0007941857254632176	0.0012813753982811882
0.0005532984654509109	0.0013776733373388748
0.0007017012462823997	0.0014296169026127075
0.0008512536700125975	0.0014389508615096286
0.0009361514508163857	0.0013048376601126179
0.0009068239003891044	0.0010712334054818811
0.0008448438942015128	0.0010221392177782638
0.0007949442058056904	0.0016064350603431639
0.0008517677562646448	0.001299954237113991
0.0008133550039677545	0.0009881401080401458
0.0009107106306875059	0.0011576623311937316
0.0009556400479039868	0.0012045678309089587
0.001229050992969932	0.0010667967605370629
0.000708566764386007	0.0013828271722174865
0.0007750223620246242	0.0011808326457438654
0.000674237895551936	0.0013618026481010841
0.0005104260390668952	0.0012304406677197178
0.0008763737457394263	0.0014658767341227208
0.0010236000920936788	0.0011316649068848382
0.0008409809292141016	0.0011563844712984808
0.0009318650473682892	0.0011400097181861904
0.0004960956263533084	0.001423650301618985
0.0009392894806272058	0.0010919073571923617
0.0009468392783254917	0.0014329092367938111
0.0012910535036726155	0.0010582859741218467
0.0006981928049745995	0.0011237674993508796
0.0007510484340301442	0.0012588513248239872
0.0007283593354688936	0.001066937892410392
0.0008046236261319778	0.0012116188031775017
0.0009475949545107748	0.00107434158069319
0.0008499623750817895	0.0011207806291847577
0.0008485803435095196	0.0011887973660601784
0.0005706860014296867	0.0014231607291306366
0.0009536550000275993	0.0011637353685904535
0.0007409694155903539	0.0012472317646553854
0.0009476093073508693	0.001215614646900213
0.0008344975666144195	0.0012337690637283455
0.00038080388587912774	0.0013643487285466887
0.0009071008712594798	0.0010801894433324646
0.000574978930473793	0.001048830669125232
0.0005843955206752658	0.001012581856371349
0.0005983729346123499	0.0016416082651242996
0.0006727344232585434	0.0013698521396160173
0.0007526420157120593	0.0013662919818862185
0.0009031904929188655	0.0011941980439947606
0.0006862470785017491	0.001115478765216682
0.0010701442439580286	0.0012892381383123653
0.0007193976878694548	0.00114187072280985
0.0004452581389981187	0.0012890225066412
0.0009358733120413472	0.0009934821780568635
0.0005004119990490097	0.001066132319634222
0.0008597265289899286	0.0013574715890519425
0.0010601689465087748	0.001101288335598319
0.0010702923271983767	0.0008107856209197439
0.0009530601962513287	0.0013044830229463258
0.0010352101786663917	0.0011434762710992163
0.0009798396961318572	0.0015157178377570232
0.0008664971925937219	0.0011704278692147285
0.0007398484822185515	0.0009797511180570859
0.0010334458082346132	0.001474482420361299
0.0009355690840211119	0.0014570244979076393
0.0011114093880979711	0.001134563546811677
0.0007339097446457217	0.0013160903100246511
0.0006809229762207292	0.0012006607852937889
0.0006429891626084213	0.0014246181513926015
0.0008857137085149299	0.0012814024887144698
0.0005223619629294599	0.001244533086936311
0.0008873163766583679	0.0008591476603041757
0.0005721766165776433	0.0009170568445937358
0.0006832106433732878	0.0011302942573346976
0.0008816836379375647	0.0008401699686942482
0.0005962684688072043	0.0009828884173497922
0.0008613111121829663	0.0009208559660499855
0.0009030664834975235	0.0009657948424603628
0.001344475890485121	0.001068161755509443
0.0005908197540932733	0.001152898824257163
0.000623726029907971	0.0010440491286865773
0.0007069014286210458	0.0011190075657992841
0.0009841785483067963	0.0008218797387492098
0.0009628722198705287	0.0011886981185729821
0.0008010648734237528	0.001165285328062288
0.00040554226154940887	0.0010641103796691844
0.0007409691591073627	0.0010176362595282395
0.00036837365765999625	0.0010076682032804036
0.0011191033928544154	0.0011185852111154884
0.0006683324643891654	0.0011425110528354501
0.000783560188350417	0.000808599356761387
0.0010103584624829853	0.0006114967365078443
0.0007582361506431878	0.0008769684280054452
0.0007022890059104172	0.001291289490717257
0.0008181562379581225	0.0011355608111573903
0.0008768465934149651	0.0008025542599084696
0.0009389416619156124	0.0013319961256703493
0.0010655492606256387	0.0009315696588152566
0.0005542621819110579	0.0013034654388876014
0.001075591634169172	0.001127030983072426
0.0004963392431959643	0.0011077071347416912
0.0008506261354388437	0.0012661634359693939
0.0007827485087661176	0.0009092851463529326
0.0005366216910045095	0.0009604005346775154
0.0004905327621293438	0.0008349657970955313
0.00039363512412344956	0.0009624349210087633
0.0005109042188281413	0.0011392154626540818
0.0006879028612819676	0.0011223073471523886
0.0006319433524575726	0.001108241376819893
0.0005611253706709216	0.0009663802410821678
0.0004473005563918271	0.0012393501370812597
0.0009168409746427169	0.0014170606090710368
0.00080402799785485	0.00090073264627221
0.0006144552791340079	0.0010796249089049148
0.0009874184491177346	0.0010293938992357466
0.001024942810108943	0.0008823569713576465
0.0004980353043098099	0.0007988349131798556
0.0006965965967815412	0.0009420956937675738
0.000549090510370021	0.0011798158221922143
0.0009246286572047936	0.001048719376294038
0.0006289530573929216	0.0008879269200330732
0.0005839785376579281	0.0015016143331109096
0.0010010320048800848	0.000766076185158477
0.0009284900088535646	0.00093740245816899
0.0008031231414882101	0.0011141396287846852
0.0009407679988856481	0.0010844523660402984
0.001146888010999047	0.0006304459234234125
0.00022836702565389724	0.0011957472252647685
0.0007373201922005	0.0007929870945538168
0.0007092097645161684	0.0008223653315549852
0.0006689438010723484	0.0010606314727561164
0.0005467533585633511	0.0010822764528083996
0.0010015347515978771	0.0007844729686540844
0.000775920679085795	0.0007418089741086666
0.0008084618743337029	0.0011886599139473058
0.0006184803217231306	0.001194439012569894
0.0011414248024718108	0.0008062205079765912
0.0004279102298895433	0.0012912901573945588
0.0005210300118326298	0.0009954229485562584
0.0007340704432183022	0.0009441917821254166
0.0009030898724812876	0.0008458562535674859
0.0004938546699421978	0.0011600340802946766
0.0006287145681307158	0.0010173796829390889
0.0006489955923855546	0.0013097602502048825
0.0005618389802988792	0.001046757919648228
0.0003315901728049194	0.0009441471625680078
0.0006031658917553806	0.0007031008438602455
0.0008056961069931243	0.000764126676982033
0.0008145507063586504	0.0007766753326784244
0.0011374372256481259	0.0010346269509235615
0.0008454658292179403	0.0009812690625607308
0.0007325042913916259	0.0011122278847366786
