2048.0	0.0
5.0	0.0
100.0	0.0
3000000.0	0.0
32.0	0.0
100000.0	0.0
5000.0	0.0
5000.0	0.0
1500000.0	0.0
10000.0	0.0
0.7010115223295388	0.5744847422626772
0.44080193426777303	0.8445565336901819
0.7258667297029879	0.5614719873346954
0.4178602244208778	0.8478033895036036
0.7393677786368665	0.5574172316030465
0.4060169856812023	0.8423381632364663
0.7420189046801866	0.5618037759647516
0.40379225260824714	0.8289551025066944
0.7359335696300603	0.5730005146578703
0.4102647516718368	0.809407944189484
0.7211789830479222	0.590286390552938
0.42540355647409456	0.785027585556402
0.6990054925119492	0.6119950010043422
0.44640681177481606	0.7561507434792616
0.6707162303683079	0.6376716963415041
0.473826237480512	0.725171768467218
0.6367760382237452	0.6646583803268256
0.5053081899555405	0.6932420524008116
0.599590659824279	0.6916220766576449
0.5387629738206853	0.6617943800104896
0.5621136949909774	0.7169751055123667
0.5720929280301688	0.6338736203265608
0.5262688436145246	0.7372425135844072
0.601303000531528	0.6119630600566263
0.49577400560646245	0.7516125101256216
0.6246212733824646	0.5961581059639632
0.47264930280451156	0.7584140827099303
0.6396291438326582	0.5889064506175063
0.45843415552228667	0.7562653014298113
0.6449619439942419	0.5903031730748547
0.45388678039630365	0.7467833552149606
0.6408379089156995	0.5981866138478209
0.4592645318459891	0.7310424209565206
0.6273976297405175	0.6123561784023936
0.472177485444818	0.709989323936992
0.6077559064014262	0.6303113925963774
0.49027506079428124	0.6866609103548019
0.583340445299634	0.648789805204809
0.5121568142286802	0.6636967429001761
0.5572982033826108	0.6669118432900429
0.5345000490678745	0.642345778495081
0.5322229367109387	0.6813632244799622
0.5542162776218971	0.625558547073604
0.5107737799690606	0.6919077368307742
0.5698776327700927	0.6127844436027738
0.49394231938593025	0.6972951234714952
0.579813440297233	0.6056243056853784
0.48309453834473237	0.6965517772255635
0.5843046737233654	0.6039818097949191
0.4780421854188359	0.6916276045937059
0.5822877628000696	0.6066673987072123
0.47891347079615176	0.6824763469838455
0.5755828341809539	0.6129252959367245
0.48445047735986024	0.6702017543286264
0.5645368946000601	0.621140090702693
0.4928589555691936	0.657590799870639
0.5511334768925857	0.630319953696587
0.5033370912485959	0.643485348505139
0.5366301694023466	0.6392381890088416
0.5147381400804744	0.6305304399862726
0.5222686069438869	0.6470504594843974
0.5250820434854091	0.61918165626639
0.5085233291685992	0.6525108682583182
0.5340158789495509	0.6105227561774248
0.49755377814804114	0.6555162886883595
0.5403306840761972	0.6038707767928084
0.4884554905553209	0.6563647114245409
0.5435514934854175	0.6000542880946363
0.4835370354718322	0.6541543872797393
0.5441528511455097	0.5996551399204879
0.48067293120249954	0.6500610906596022
0.5413918556807049	0.6002019486560601
0.48116220182533176	0.6441210226553045
0.5364720446549989	0.6027635968010624
0.4831172906266272	0.6367931471479017
0.5301458964847832	0.606300767068493
0.4868601151848577	0.6283945425539129
0.5218320385540426	0.6099218961737846
0.49148342401541006	0.6207560433577106
0.5137966339474159	0.6137210219870349
0.4966152765747337	0.6127057422760381
0.5050719934127024	0.6167837607221768
0.5013552800720361	0.6055723526290657
0.4975354711165592	0.6188444674512354
0.5054004733527026	0.5999309487221723
0.4907665560136872	0.619484345530905
0.5075520466552041	0.5952492165567377
0.48514836014988355	0.6195699630807047
0.5093468589428757	0.5921927034169017
0.481034350693876	0.6181020622823
0.5093583093780858	0.5899094573649617
0.4786038491309156	0.6150415700257373
0.5075703139202167	0.5893062568845037
0.477344514396845	0.6109616127773982
0.5042613826022551	0.589121618907633
0.4770482530154903	0.6070998064105483
0.501016550767915	0.5897638928707221
0.4782796129049533	0.6019690054507828
0.49642988153446377	0.590519659015171
0.47937005063805793	0.5967986043379718
0.49145649770236954	0.5909270334597349
0.4812940748281614	0.5919104715114354
0.4862129603751073	0.59181580202751
0.4824116881425599	0.5870253562560865
0.48145031610758166	0.592521989965936
0.48421471203051003	0.5829819649146706
0.4767840292615598	0.5920002841957396
0.4849468809449854	0.5793784938181102
0.47281823308689996	0.5913281405136572
0.48504039529948706	0.5763453152373286
0.46997962716365427	0.5900763537726038
0.48479219403445506	0.5740986180543256
0.46720824578360975	0.587841738958955
0.4834998188339164	0.5723293886568516
0.46553481235413186	0.5852085618967394
0.4817918627723088	0.5710042144358028
0.4649775675611572	0.5820813703912564
0.4790961375349089	0.5700040521920213
0.4637373588184397	0.5781316076776863
0.47642883504735484	0.5694861932787425
0.46367924262608184	0.575052441613404
0.4731071691863677	0.5693756785630869
0.4639875073090108	0.5717008974044996
0.4694982524967926	0.5689582655130603
0.4641570826871563	0.5677922533490003
0.4661302592453438	0.5686711110370766
0.464482120053638	0.5638395013890911
0.4621499688547771	0.5682762107057046
0.46504360826759084	0.5605044214547068
0.45906118483476155	0.5671595131230684
0.4654917986376933	0.5574382335801062
0.4556134841739242	0.5663967880559878
0.46513866293485556	0.5548666004141057
0.4531262374586913	0.5644609685901599
0.46431300845003	0.5527282573364478
0.4507393862525103	0.5630880281917034
0.4630625402996142	0.5508061958751146
0.4485446820454767	0.560691573653833
0.46136085983107816	0.549747890727847
0.4477194495780311	0.558096686035179
0.45906528125684276	0.5483986862355956
0.44676068719041134	0.5550432475051678
0.4564171213642289	0.5482193122193693
0.4462692773888566	0.5515024506998945
0.45313756970599994	0.5480174299120733
0.4470201375120354	0.5477383017400869
0.4500304286652652	0.5474430707865335
0.4470465358385739	0.5444562380887112
0.44624826377565036	0.547041971992321
0.4473032071708796	0.5412308107661647
0.44319083952549676	0.5462727703096059
0.44792411625424683	0.5375219677101439
0.44007602341148594	0.5453815747275105
0.4476096834694872	0.5352549572661762
0.43755617349679593	0.5438659703975882
0.4467621858276159	0.5333733897860629
0.43523819387357443	0.5422455078224715
0.4454123796108758	0.5319871878675864
0.4331227368198723	0.5400291248152783
0.4437740129893819	0.530478642712478
0.43238293874685874	0.537394715595979
0.4419811524498255	0.5297560041586087
0.43170954107339155	0.5340818656512282
0.4392907076104883	0.5288168144067202
0.43104835103472056	0.5307645397529777
0.4363082477056823	0.5282806912711723
0.4314322141372038	0.5280941444409488
0.43332568733813287	0.5279757054604935
0.43171199347483913	0.5245898543900895
0.42960615987607625	0.5270620886199573
0.4311338564025531	0.5216918792742571
0.4273066189409789	0.526622674713222
0.43129851919969014	0.5189618616423164
0.42443991690410354	0.525318253268623
0.43108316585958534	0.5168187557353967
0.4221005665630332	0.523978264081001
0.4301266250304263	0.5149714264378316
0.4203997223422837	0.5221550939694435
0.428728074880386	0.5131301060789889
0.41853679602754434	0.5199896747418533
0.4271190989410497	0.5118958674757426
0.41755434784903356	0.5168277993372931
0.42491512334352366	0.5108490917493836
0.41694846939762376	0.5146864171132032
0.42306072470708217	0.5100677640444193
0.41634805416002285	0.5117001515305925
0.4203799829494351	0.5095672016631257
0.4161348880442948	0.5086374563474239
0.41756855490392975	0.5086702145446199
0.4160143387768599	0.5063170227306555
0.4146062939984541	0.5077922430796533
0.41542942302541686	0.50350371408561
0.4124192301984319	0.5068172190473909
0.4153544305052734	0.5010460688760179
0.4098118615452076	0.5058150809370355
0.4145848612378591	0.4989588991771935
0.4073384451075628	0.5040807627970374
0.41348912680770866	0.4975574549466342
0.4062882037146036	0.5022347435814535
0.4118921652857992	0.4955409915075115
0.40462695125026116	0.5001333481703288
0.4108298691889465	0.49415500718636557
0.4037197338835243	0.49778962283629025
0.40861719931804613	0.49325408903093654
0.40293568978333294	0.49568643515520583
0.4064061448726193	0.49222631056060856
0.40234584418414515	0.4931885532346517
0.4046397388243886	0.49138593608357817
0.40169356293148817	0.49036460057572684
0.40244389294598254	0.49023016615517584
0.40102447983910866	0.4881310450274249
0.4002008470417542	0.48896518023191804
0.4005074326573066	0.485721668143214
0.3979240569524834	0.48781578990650354
0.39981172087706696	0.48412613249534414
0.3958622829192587	0.48646553777159895
0.3987493693292841	0.4820015141501076
0.3942288618554162	0.4846841470552451
0.39767690178330994	0.4801518612426788
0.39275439014044056	0.4829927186294939
0.3966412808804809	0.47848869078652534
0.3914960406945772	0.48116211461003083
0.3951504206523605	0.47681805586231374
0.39028481495422696	0.47956192512494517
0.3932096771657844	0.4753338565615238
0.38875466460657837	0.47751995283445364
0.39206556314066865	0.47437765896668066
0.3876920570338906	0.47532108726250394
0.3898488186289135	0.4733844565601365
0.38714779414088074	0.47309807186977415
0.38859362835833033	0.4719875634622431
0.3863272993380591	0.47093098639229725
0.3862063816281925	0.47075343890456806
0.38544805114406766	0.4689583982268625
0.3841770413434855	0.4691663052723561
0.38448302267542067	0.46702301983326544
0.3828280372172486	0.4680088363430312
0.38351959322763457	0.46526204121086057
0.3809087663865983	0.4665896514490281
0.3825863731955743	0.4634001039057195
0.3793314105823112	0.46523498784181855
0.3817763674687904	0.46165535729766854
0.37781627618912983	0.46340218745037914
0.3799837479036946	0.46047323515438465
0.37684773688247974	0.46208578933961786
0.37885352601752065	0.45839373329851385
0.3752568005848694	0.45988892364173256
0.37744488259174097	0.45772513812724547
0.3742779590469893	0.4578259763900602
0.3752970494122244	0.4565686117487533
0.3736370024355387	0.4560232830765407
0.37392772428232	0.4551714664313532
0.37237547619400707	0.4541883309480141
0.3723926147070318	0.45392835410577154
0.3715376395363912	0.4521382172293589
0.37053644438039984	0.45235387806592076
0.3707041285099759	0.4506888587122351
0.3689690436582781	0.45113900312908056
0.3694306376313327	0.4489290345699669
0.367389012453175	0.44943153390445345
0.3683329004422292	0.4468547513786622
0.3664677025698807	0.44815371673403004
0.36761040470903367	0.4452216857341212
0.3646355731281602	0.446482272340091
0.36608736420186083	0.44376010980666214
0.36304885915645224	0.44491622529073604
0.3648468075390888	0.44219640146740957
0.3621527995482106	0.443193359878987
0.3636768694236568	0.4407803843862442
0.36073269289189114	0.44161743522608965
0.3626168480326269	0.43997474739808795
0.3597699982754721	0.4399635119727361
0.36126024564143194	0.43811200791623783
0.3585590872047697	0.4385500453033811
0.3595634413717711	0.4369792873393304
0.3574534561348027	0.43623320139943056
0.3576362903261083	0.4358925203612912
0.3569114568036893	0.43462059300100664
0.35635806634589084	0.43416080000593626
0.3557736694083063	0.4329806701539949
0.3547872864526797	0.43297725318611474
0.3549370351628183	0.4315444690249864
0.3535246864971343	0.43167040622612063
0.35375062186607065	0.4296695459916217
0.35213531099178685	0.4302537001205747
0.35261474807370086	0.4278151155891911
0.35052578140598595	0.42863406131793946
0.35174244241742436	0.42644211854565334
0.3489757100551142	0.42734209497258907
0.3506613639543811	0.42463776647247564
0.34796134786585964	0.42560974410082925
0.3494465864329597	0.4231086977789641
0.3467895142344583	0.42433862188157573
0.3481304423976703	0.4224094729056636
0.3457950603395419	0.4226483258491376
0.3466616386764174	0.4207658124406714
0.3447120913801533	0.4209042850617973
0.34478524342397393	0.41959929088103565
0.34378413164671995	0.41920631287833626
0.34363101051914036	0.41849724464969007
0.3427809542240917	0.41724721694206507
0.34245350562255283	0.41727050627108514
0.341969212452085	0.41594353847873233
0.34091714597329	0.4159538815482373
0.3410638172905643	0.41436335018593534
0.3393665305577424	0.41478577855310267
0.34002427623207976	0.41253525697347576
0.33824797996030376	0.41333421918849644
0.33919998280264163	0.4111570968409069
0.33662987984897896	0.4118701515229529
0.3380091223041969	0.4096247652688337
0.33565003783406094	0.40990130060855
0.3370126994078193	0.4081062085117479
0.3343336917937084	0.40889604706246485
0.3356002840246947	0.4071517128794706
0.33349949171437415	0.40752052940327893
0.33421898144815637	0.40581371650065984
0.33253616287592797	0.40558911722169205
0.3327441003809534	0.40458040429590253
0.3317595123103772	0.40412257902366056
0.33187090954673826	0.40296765205360857
0.33105824167729625	0.4021895477407592
0.33033060438610895	0.401948276174939
0.32937760226728496	0.4006141782947266
0.3287791624802072	0.40072659715756465
0.3286623753936776	0.3989646686821362
0.3275424782601286	0.399552401291088
0.3278281997770328	0.39732450508948547
0.3260655991055647	0.398106778764565
0.32741266333937613	0.3959228298644572
0.32483411877406004	0.39730225035702954
0.3262170674583351	0.3943939376208999
0.3234451577552302	0.39539475639617916
0.3245877626443418	0.3930013754591194
0.3224474136510666	0.3943940451279421
0.3240048254327371	0.39176503469099855
0.3209726207894882	0.3929264016573516
0.3226495721537296	0.39096733022558505
0.3200766234346967	0.39138474344330393
0.32139637671695154	0.38948185490454257
0.3192201315112435	0.38958300302470883
0.3196850121965004	0.38833410779815736
0.3182667988994505	0.3877944073529095
0.3182643438465639	0.3873953636789502
0.31712949900562426	0.3864485881149319
0.31720608057209426	0.3863081098782718
0.3171097533624843	0.3849492746508731
0.3156184598194445	0.38513120819202384
0.3160911847005184	0.38373247358442286
0.3145531400519575	0.3840071883186466
0.3151388545703431	0.382206195349654
0.3132758825265451	0.382852371634271
0.3138988302387664	0.38063912908356734
0.3118387672949819	0.3813999575271851
0.312983174419888	0.3791495485392197
0.3104948304277155	0.37993426543224196
0.3119767604440927	0.3776071923510027
0.3092852920784379	0.3786087919638248
0.31117886604386785	0.37619638799442884
0.30863110434463664	0.37741271353127426
0.3095412789546562	0.3755296797572111
0.3076268910612457	0.37604848582709377
0.3085785919148018	0.37436931437618287
0.3068718021042355	0.37416742613676596
0.30694852349171486	0.3733724842555832
0.30602854142747576	0.3725890323424673
0.305920971728679	0.3723176270614442
0.3053270151739616	0.3712531648414225
0.30438217836600456	0.37118232323258665
0.3045998504621703	0.3697346550715558
0.303065674795681	0.37047693767716916
0.30344441096990415	0.3680795087362756
0.30176961171731703	0.36904414107286637
0.30270912264982	0.36654926430600443
0.3004712029027299	0.3676998849449453
0.3020488837012553	0.36572046792933016
0.29958598310893153	0.36636143964424633
0.30069830307652695	0.3642585291964057
0.2988763173026522	0.3648012270987343
0.2997102082127188	0.36305178823405854
0.29764521449134473	0.36323341923661434
0.2983987855671796	0.36204946698828283
0.29658439050009916	0.36223293771870146
0.2970944078035709	0.3607521708470915
0.29622522251344324	0.36046746923032047
0.295770875250694	0.35997190121394473
0.2953026956744459	0.35869880746822574
0.2946742723948727	0.35895968780456994
0.2942901663694788	0.3576498344062684
0.2937016491033085	0.35797334221859545
0.2933432482228469	0.3561543191749126
0.29202612593893085	0.35636303487607446
0.29208146467144447	0.3549197419986191
0.2908873586259167	0.3555235779700779
0.29158103903357163	0.35364197480229576
0.289931415127842	0.3540716962817678
0.2907404890997412	0.35251216637974814
0.28864835496364405	0.3527832507545325
0.2900005757176469	0.3511022083818813
0.2882215804530777	0.35158298144832384
0.28871101360647455	0.35023372061892194
0.28723136503649793	0.3502575700512919
0.2873842671813746	0.34923038382664306
0.28634632880682465	0.3486595140513881
0.2862073017186064	0.3482666540039369
0.285812312033601	0.34776957567662137
0.28505234172962257	0.3470207947943323
0.2846056788847562	0.3457868846079386
0.283716349020242	0.34600130688506653
0.2842480879564925	0.344899036880203
0.282737038537125	0.3451948001081438
0.28322914847517405	0.3429416341264837
0.28158860842702854	0.3436706357542303
0.28236577627078063	0.34225935583150385
0.280449323618001	0.3427847534166368
0.2813980896408636	0.3409088172715707
0.2793996310785159	0.34172597620865375
0.28031364244570856	0.3394238887251225
0.27849288919759446	0.34023506344474674
0.2792710608476812	0.33873279730182826
0.27785434882213783	0.3384619835602941
0.2784238250574211	0.3377991411580517
0.2768614534721196	0.3376687184768749
0.2768696748562232	0.33669350573030393
0.27604681770932044	0.3358676573511003
0.2764199016738727	0.3355698798484108
0.27546288051031	0.33494991627521875
0.27527503182064467	0.3346392757578346
0.2747128773909404	0.3335691653305183
0.2739518039898856	0.3335432483254108
0.27361904461281134	0.33234503480190436
0.2732056136375052	0.33228821654533225
0.2732070728104866	0.33127140953936157
0.27158982405464877	0.33113942628268356
0.27201040091066064	0.3299352949491964
0.2708366868180931	0.33009560949709266
0.27094049814286303	0.3284328536508633
0.2692648930780669	0.32903604047192114
0.27025121927499784	0.3275013255440803
0.2685936376711176	0.3279847625505162
0.26915361450126674	0.3261890556953209
0.2674948390668355	0.32689979044899875
0.2684455255278143	0.3255638280388535
0.2667366567360104	0.3252746409777547
0.26700865055699907	0.3246378218974927
0.2662038568412346	0.323960599999309
0.266176315224997	0.3234911918126435
0.2650603331052718	0.32326305039450876
0.2650797912975685	0.3222692549213087
0.2641183263469654	0.321641420715942
0.26431113395871925	0.321144347023116
0.26407091972561825	0.3205173608327727
0.26316819175899064	0.3204151800257999
0.2629848850766715	0.3192232929583651
0.26192731379552553	0.31912251171250133
0.2620571128354147	0.3181684660554406
0.2612990104822872	0.3182881233626718
0.26141046574554916	0.3169004786017239
0.2599569938919549	0.3167248959263767
0.26059959547420286	0.3163606838628702
0.25941710386627403	0.3155641398080737
0.25943700799197256	0.31488728432692514
0.2583840721186731	0.31492820602656024
0.2583577994371479	0.3136455682957006
0.25757140309061866	0.31347168339983966
0.2575277564428287	0.3131588334104147
0.2565175755712365	0.3123653219536006
0.2565280230041752	0.3115693786166415
0.25585559101596406	0.31160714098108305
0.2556445553689983	0.3107162166418315
0.2552574778531962	0.31027694269466344
0.25438255847995	0.31002077900480474
0.25422598644158806	0.30909694058678067
0.2536365918280908	0.3091382097674441
0.2534198898015216	0.30784405872215825
0.2527697215949646	0.3076234454145787
0.2529050469823178	0.30708616915093156
0.2515804820286255	0.3068551305620032
0.2521574639071906	0.305540650790807
0.25078956937263225	0.30597329990209554
0.251460058687861	0.30451244404371847
0.24990490097612097	0.3044769614826848
0.25045762826109136	0.3034814837584781
0.24867693355725332	0.30362129338300997
0.24936875559982008	0.30251941209182376
0.24782711556834863	0.302111256077489
0.2481871100591788	0.30159102807007654
0.24752579792160034	0.3009801294920724
0.2474068291359678	0.30029731428539247
0.24656715493579545	0.29989420865887234
0.24616018305679763	0.2995831018875037
0.2458817369938195	0.29899068831516046
0.24577914028384107	0.29843941586049316
0.24524013041604648	0.2976124690304352
0.24450731374503173	0.2977811461504888
0.2446367229406322	0.2966106258700459
0.2434582737090329	0.2965697965553133
0.2439069096317874	0.29546866907857006
0.24258335928118854	0.295775305142711
0.2431898536318956	0.29454266881626084
0.24188935574187403	0.2946300863352827
0.24215316116004026	0.2934650475409297
0.2408619218720947	0.2938306272487744
0.2408723934800936	0.2922129731851585
0.23983126112597505	0.29221527577708234
0.24027859177407118	0.29146032928259724
0.23912273100524645	0.29141586268390746
0.2397044100309384	0.2905790464602414
0.23826036427947067	0.2904172093350602
0.23851616118642566	0.28969597504103295
0.2381052150302339	0.2891488708303634
0.23727193532067387	0.2888499555430776
0.23714224969412015	0.2880292035064282
0.23644168702585738	0.28789257587465067
0.2361941004543547	0.2869478114236485
0.23573700275583678	0.286819841053348
0.235670076913708	0.28601386824642566
0.2346104811975331	0.2856771422257782
0.23505196958710217	0.2846263270149548
0.23388472193301219	0.28498976894117906
0.234464446494005	0.2834706832443109
0.23303433689459968	0.2841052628076213
0.2331301440398929	0.28270946163837085
0.2319945168571586	0.283139906615131
0.23282802758726828	0.28192990607532226
0.23123156784120186	0.28220750567858854
0.23195437116766168	0.2809582025381873
0.23046116933676342	0.2808749408002978
0.2313089944514214	0.28002242713877795
0.22965032812772707	0.27958162074327503
0.2302794326790476	0.2789364324976735
0.2294206403181623	0.2789619103946776
0.22963798711840305	0.2784446944006214
0.22868650531408338	0.2780177677416301
0.22837487574771345	0.2776676989006989
0.22765228008532418	0.27675067023077865
0.22683623263260294	0.276419838629745
0.22708325819184924	0.2754812108847783
0.2265929211134249	0.27533012766218407
0.22623821830036475	0.27450232541304354
0.22554646169694445	0.27480488026002137
0.22597568345124647	0.273501994073442
0.224229805930799	0.2736638960099238
0.2248419474641588	0.2727434823100167
0.22360619480955457	0.27272029994979824
0.22436649637221576	0.271678563326885
0.2232066219772919	0.271532136144047
0.22330959042479093	0.2709745713057612
0.22201403271555753	0.27068075283896526
0.22262963534517774	0.26977107764191216
0.22163370751236122	0.2698056821940968
0.22138730246824173	0.2687543818458555
0.22108433263676125	0.26835800798852294
0.2210222845665594	0.26799857979280656
0.2196846033658973	0.26783355284603466
0.21992836617883763	0.26754708000510746
0.21967324629404852	0.26651537339473635
0.2193074185872103	0.26628034090660324
0.2189013097736986	0.2655171933691376
0.21846496935054438	0.2658125529045058
0.21860346334569355	0.26461235423910273
0.21758735490471098	0.26513738892759253
0.2176327747549299	0.26363116369016215
0.2165854045853445	0.2635581267551636
0.2171180189368713	0.26324475237165945
0.21569967269858653	0.2629008454808466
0.216186739928235	0.2618369757902444
0.214809439756874	0.2620812542467108
0.2155956202690766	0.2609636856320352
0.21473934852129933	0.2609821617807816
0.21456607874329914	0.26023030263110525
0.21386466060737933	0.2597950885505968
0.213951482112131	0.25964482441496867
0.21312774251179933	0.25898039535770373
0.21313932209358932	0.2581643652994674
0.21230064603263	0.2580275111506452
0.2119166058516711	0.25793930516382196
0.21151972502479444	0.25703860130437
0.21099012392513075	0.2571122376168924
0.2109788811729801	0.2559613268044221
0.21032557170917934	0.2563145912891781
0.21034889911503044	0.2553608443894328
0.20947904165834305	0.2551397989747769
0.20942975394795615	0.2540712056031794
0.20899039702313654	0.2542267297214769
0.2093080897204475	0.2530972564032495
0.20774149577876702	0.2534341347817965
0.20809065931249432	0.2524735507058426
0.20714659523847054	0.2527308665199099
0.20736118685127303	0.25130292949242217
0.20665029997784823	0.25178906052299943
0.20706975364103872	0.2506748239371732
0.20537614749228084	0.25096178117652695
0.20584389448909257	0.24973500556397674
0.20518650110684383	0.24989667873073035
0.20538381317224427	0.24920401659690924
0.20487064157430107	0.24885394141661296
0.20412594466871278	0.24849425130031189
0.20389281125585756	0.24771221387327466
0.20366162092720866	0.24797939721880885
0.20346860150127963	0.24714838411951118
0.2030868124116193	0.24675347335281464
0.20279387159457657	0.245972689392683
0.2022558000590501	0.24578933461166158
0.20210892391150925	0.24528987243958233
0.2011922650835129	0.24517509997367726
0.20143630720687877	0.24404301254196126
0.20037712047061218	0.24402238313621183
0.20095336639484945	0.24323353296798794
0.20040409043539018	0.2438380268009081
0.20012141290726485	0.24275797447555034
0.19918120724895524	0.24231003669818987
0.19950379360351628	0.24179558757334466
0.1986283413985058	0.24154346585941194
0.1988741852417817	0.24137470361402522
0.1976588318468082	0.24077634937122122
0.19797057779405922	0.2401979760001847
0.19748196873057222	0.24025023057943273
0.19736195570208928	0.2393976780249964
0.19666027577079465	0.23875003706592554
0.19642564291851955	0.23832249905246328
0.19606003365219948	0.23807935788788953
0.1958925755483539	0.23812573504409415
0.1955212212983192	0.23698169621258952
0.19494637150337737	0.2368009139656659
0.19496146115577598	0.23634165923265224
0.19462386425486145	0.236327326264159
0.1941643038882182	0.23543123528109816
0.19369141861118305	0.23526936198324502
0.19351947749974105	0.23436663859103915
0.1929147012807906	0.23466438973192755
0.19301516104723007	0.23376809240005939
0.19253953017814512	0.23377684772154397
0.1921203476568206	0.23330120902181542
0.1915399841218564	0.23271246836376086
0.19132615447793572	0.23213507995935725
0.19053444323038718	0.23163262322334993
0.1905867974588471	0.2313597470305972
0.19004439013611207	0.23103675012729596
0.19044744732440097	0.23043955822067141
0.1895184877024003	0.23015886506582922
0.1892109301228326	0.2299054580706287
0.18890943094305723	0.2293754727500885
0.18904459667724594	0.22903182898900282
0.1881177800512154	0.22867985181680914
0.18819661115185504	0.2282771030897422
0.1873691470545605	0.22785601553381807
0.18741310125696567	0.22747459726139124
0.18673280435886147	0.22737908646693764
0.18687067003959595	0.2270172170598513
0.18663314377603504	0.22630891193220315
0.18605504627253008	0.225949330817517
0.18629188793719878	0.2255086999423639
0.18511466084907743	0.22515194342536773
0.185297416069076	0.22469825910869468
0.1845810886188543	0.22452869385439628
0.18476899698007224	0.22372103055380987
0.1838919070850598	0.22382943388352722
0.18402301320464445	0.2229909747090359
0.18342878190898498	0.22276274855326889
0.18406220739739942	0.22214420672212376
0.18264425333565668	0.22208863997037265
0.18301007721765483	0.22179067077503467
0.18196446237945435	0.22128543128489922
0.18215930126195545	0.2208967101519672
0.1816839725862709	0.22026670632823364
0.18125608702622215	0.22010516511527578
0.18076977642614145	0.21973811109603153
0.18035404237765096	0.21924961665900733
0.18037483714342104	0.21904272881206155
0.18000037805739252	0.21841151999674094
0.1792914915019302	0.21793487924868873
0.1794413979020505	0.2175362180397896
0.17886971918726724	0.21732579031767776
0.17842867944736607	0.21688334624685118
0.17843423362955496	0.21665746784546103
0.17770251660068648	0.21653633527978333
0.1776688671391187	0.2160633011912003
0.17727001931416048	0.21534566840777397
0.17739214353659147	0.21493637509749894
0.17717545916027508	0.21497566696512888
0.17702695724441808	0.2143337122599842
0.17610930433176739	0.21433147999747976
0.1761217437823431	0.21391451608923034
0.17557796305522863	0.21356896884827006
0.17546124423131848	0.21294793301200296
0.17501487478302932	0.2124681109577789
0.17469125137347752	0.21217388816141164
0.17417484857322937	0.2117142522001571
0.17435938625814582	0.21173847411410593
0.17394479872910487	0.2107157463103839
0.173364665681309	0.21110441685269593
0.1735610044603842	0.2102858453550258
0.1728840720365184	0.2097406973337601
0.17295482794929645	0.20923191626641197
0.17223898347407576	0.20952043760188943
0.17205658686549152	0.2086661685666438
0.17158977325008468	0.20879955549237597
0.17193688022330156	0.2080950037583305
0.17101563802039496	0.20805459937390258
0.17070004330808203	0.20732856120008275
0.17061484675194916	0.20737989854298777
0.1704083954488049	0.20660880465721027
0.16999221527222558	0.20642141901650526
0.16961412126069322	0.20592547059936325
0.16939349630003905	0.20519562385435816
0.1690357472208224	0.2054518405710128
0.16858325671923616	0.2050263464146454
0.16821253225915644	0.20479112008602404
0.16806298693705307	0.20419598582092735
0.16809454254111972	0.20391022492042324
0.16745566653142188	0.20318262119131084
0.16745055076141047	0.2031382173172404
0.16697646640170632	0.20268029762787396
0.16660323312827496	0.20280989034266883
0.1669048033443894	0.20191237484685085
0.16602803948778908	0.2017741305522755
0.1664374896261812	0.20097185354928598
0.16535468203591552	0.20126484507460413
0.16558061936963733	0.20021530844346824
0.16475529376333808	0.20044176761292654
0.1649525550388808	0.19980287729055624
0.16454874203570255	0.19953774030376642
0.1642855107357972	0.19931591016849617
0.163616356948859	0.198825759858987
0.16371260580323954	0.19843395434694422
0.1632205347990741	0.19800042877354676
0.16284829517808705	0.1980271001103899
0.16271791971584096	0.19729169964029533
0.16246486518517148	0.19736797145962173
0.16229869554013499	0.1965945081202458
0.16178934690101285	0.1964135416941563
0.16170283721631196	0.19613089262444844
0.16120322560177652	0.19569528173157705
0.1611142372400773	0.19489975516124863
0.16059684979177682	0.1953646468253664
0.1606688388165427	0.19436167362848975
0.15960333979464048	0.1943699606904359
0.1605136537784554	0.19403526078980904
0.15936808315638457	0.19383419647730926
0.15936808325422142	0.19320030725367324
0.15901825615974727	0.19304674544169276
0.15896487280465887	0.19245431927204523
0.15842810658904863	0.19231625492015159
0.1584992694651493	0.19192290479305818
0.15774527589296472	0.19160312808022856
0.15781375125660776	0.1915275231206342
0.15754520763043714	0.19117037802781217
0.1574222667197962	0.19037178817324413
0.15690445239527517	0.19023116515586705
0.15623957700828736	0.19005063925384547
0.15630812030782204	0.18950057444820073
0.15583302623939002	0.18975850482169282
0.1560324462579495	0.18884917413240174
0.1554396858119595	0.18908039909178637
0.15524907185962492	0.1883854761496614
0.15494791007218783	0.18824516128194602
0.1550265489777405	0.1876460385347578
0.15400416728515937	0.18734309116996456
0.1543713179565713	0.18691773209789517
0.1535704319427258	0.1869945579418193
0.15377891545309144	0.18635568983526285
0.153119782722446	0.1861540064743737
0.1533642210483976	0.18548026925304473
0.15269153618765882	0.18572202977930574
0.1528396692373118	0.18500432560709376
0.15215269441820428	0.18511746125780404
0.15235571086818922	0.1847955623195538
0.15158162078521123	0.18392018258188556
0.15126999286707596	0.1839232199212387
0.15119597749321936	0.1834641559458038
0.1510430512217183	0.18313252209242442
0.15044226305328062	0.18316633326565135
0.14987477890109424	0.18283184981371556
0.15032919200320258	0.1823683311926102
0.1495400380212918	0.1820448268194825
0.14982068351662245	0.18166142381741274
0.1491122775989209	0.18168202494839977
0.14939332658663274	0.18094784154657412
0.14864975311082215	0.1806590545493751
0.1490006559769858	0.1803059986185032
0.14820945298561675	0.18035637489817183
0.1481409483476832	0.179530959291291
0.14778958273646328	0.17948269719278293
0.14745250113475103	0.17885409354286153
0.1469151690320802	0.17873051974719634
0.14725791282788536	0.17830625557271965
0.14663264605792295	0.17818733399015974
0.14687109697822345	0.17784519381997707
0.14627675730374018	0.17756054389956166
0.14626262073905102	0.17722353045766834
0.14595766294547735	0.1770533995366105
0.1457685253037758	0.1767769882008231
0.14508782564737566	0.17611226209760633
0.14487023332627594	0.17582495301038306
0.14523538162177002	0.17562790003497109
0.14435012984646958	0.1753990706514648
0.14457229050606052	0.17488216838335702
0.14372266171684148	0.1751241685734768
0.14403723951017844	0.17424213374247968
0.1434563431503773	0.17383715604351377
0.14363688425446505	0.17359910777239465
0.1428550501059282	0.17389114205586156
0.14313441569192595	0.17298108009792992
0.142520801432032	0.17281721583103396
0.14267085262072499	0.17238855803985553
0.14190936974872143	0.1724746479901915
0.1420680424234711	0.1719373848572771
0.1412419694963672	0.172057030121594
0.1415482469968624	0.17141867089773788
0.14128633223312145	0.17124096112677928
0.14091787962903993	0.17081577279288665
0.14041527210236307	0.17023775958399587
0.14026929885472966	0.17034007328470635
0.1401186563849188	0.16982340617686217
0.13975930891481136	0.16992341178983966
0.13942172150619542	0.169139116055525
0.13939212920758975	0.1690096811959324
0.13941758824166356	0.16857155892142014
0.1384516349976842	0.16879930319714018
0.13922410544915492	0.16739434057218658
0.13805571720771487	0.16769737592649145
0.13807085739302793	0.16745191674386117
0.1377905316676694	0.16760727818041052
0.13812417713227454	0.16698220347618206
0.13709386515056887	0.16683664557223818
0.13765030127926545	0.16627137065314343
0.1366965171549765	0.16621529884318648
0.13687043653585002	0.16572900340016897
0.13636508936199102	0.16575247128997786
0.13628762028529526	0.16513434696606502
0.13570229284187252	0.16501029668743628
0.13570988985928167	0.16438130839211237
0.13542629756454683	0.16434400979570707
0.1350635600723213	0.16415032309374247
0.1351605288701428	0.1634959177746846
0.1348148533135365	0.1633449950764676
0.13480717374343015	0.16309210613913055
0.13412835921949706	0.16271149996675077
0.13440197070008247	0.16249256371881568
0.1338426705719874	0.16219853947651242
0.13393635772948315	0.16204614689445068
0.13334108299300773	0.1621591738250378
0.13334959767054758	0.1616680187881153
0.13281493510444825	0.16123786947412064
0.13288655910605912	0.16098648680967537
0.13228872713306375	0.16095456909527198
0.13252590684217594	0.16014489589223166
0.1320979689792246	0.16001649939373574
0.1322965096872109	0.15980731079415794
0.13150961312325576	0.15930259733111374
0.13115139160673617	0.15921501114784747
0.13090106210001357	0.1591018493183652
0.13067467547675682	0.15897785838420403
0.13081461659821375	0.15837209100965147
0.13008044550158596	0.1580492100911561
0.1300311959503712	0.15759770404878518
0.1298945418727593	0.15770017713584247
0.129632018463998	0.15751655426842442
0.1296743830591074	0.1572213767204991
0.1296470654837306	0.1567898270239619
0.12921214639070622	0.15656358458716477
0.12897306787110216	0.1559727440622179
0.12859468257938603	0.15598632370062498
0.12862216502912657	0.15577491770212104
0.1283087684127503	0.15563786106611013
0.1284326236850579	0.1550963408029897
0.1278278006211793	0.1549283841712166
0.12749844800364832	0.15456357082925168
0.1272254316835175	0.15459577968155336
0.12699234749521143	0.15407047439114782
0.12721737234630667	0.1535967769661985
0.12679253199662086	0.1535644068165395
0.12658353335008246	0.15329601480583785
0.1258553099105255	0.15307804515466086
0.125877176122273	0.1528884772637433
0.12587244854251825	0.15211525908132267
0.1254818587945569	0.15222696339356867
0.1252921130893273	0.1520932370157835
0.1251586461228995	0.15171562586870344
0.12514921436247697	0.1518229818245392
0.12464481633787315	0.15141514645703774
0.1247276897828364	0.15091281170782847
0.12441414088071207	0.15061524221170325
0.1240248421743339	0.15009338335377684
0.12348590088267843	0.15007998384991805
0.12361486072780613	0.15013709291365587
0.12348921819601091	0.14929305555659067
0.1234372330803819	0.1492102920552154
0.12266485208613873	0.14928856571290577
0.12259749220602009	0.1486216882596521
0.12224269310709637	0.1487378753770399
0.12221868618379025	0.14840918212090853
0.12245377855586564	0.14797690592750726
0.1217203332927777	0.1478898622360878
0.12166851690323945	0.14747768449682294
0.12130383622500561	0.1473692111789489
0.12157398921415674	0.14682341635911234
0.12096464336797867	0.1468009326087886
0.12082310996491717	0.14626043042771456
0.12047312346603019	0.1461824292594851
0.12064589684824199	0.14596227244569254
0.12019206241333524	0.14587434228227805
0.11994307636635743	0.1454916266606012
0.11961581435786306	0.14507244508026892
0.11965574194211756	0.14504337901156603
0.11893434863999942	0.14490908342204828
0.1190620612169977	0.14434327746561942
0.11884734134526162	0.14402602434268913
0.11866673223913692	0.14407256627987794
0.11860601352263667	0.14384157289167437
0.11845503237531474	0.14338041506558433
0.11825868641587552	0.14272176077332674
0.11797912764630024	0.1431544782805998
0.11747085678062748	0.14272761061774938
0.11745295778197576	0.14254961612980385
0.11728325469821706	0.1422934931844067
0.1173762535569529	0.1418473829794856
0.11706776792729562	0.14149704433332683
0.1169102561579917	0.14156426431766153
0.11619078511900964	0.14112533672283384
0.11657512981963503	0.14115458457170288
0.1165350062152682	0.14060972212047296
0.11580478155807236	0.14045352508192027
0.11560920308253302	0.14052649884720125
0.11546941276621667	0.14008935943440715
0.11522378619640358	0.1397490317198017
0.11460102534366615	0.139569963617364
0.11497042213196836	0.1389568953190023
0.11462307020153702	0.13865322159699325
0.11409272856814454	0.13888362777395616
0.11419648879412744	0.13835255895014698
0.11414773538960432	0.13828274354602824
0.1140076478767006	0.13806240728311905
0.11381573185940472	0.13798339826215156
0.11373370868945537	0.1370835186787116
0.11319875666021317	0.13716928159309852
0.11316714181752428	0.13720596559796916
0.11283713341500763	0.13696893582253122
0.11268892875019831	0.13662173086641174
0.11262438377039251	0.13614303832397198
0.11232291553686745	0.1363152324094783
0.11190161765481381	0.13573240596613367
0.11203637336632047	0.13542777772884526
0.11171176808820606	0.13526874635985825
0.11155929058280595	0.13512626550832793
0.1113796170700935	0.13490181060070083
0.11100212971422987	0.13457326175873013
0.11133788258200232	0.1342423244153562
0.11057275117661072	0.13400783793362786
0.11040132529831694	0.1339021902432039
0.11034625637211455	0.13372635721454335
0.11008225278662034	0.13365078998439234
0.10988693586148385	0.13325444439310552
0.1101700112309171	0.13280054303712813
0.10977377457029255	0.1329550007727959
0.10917317263408896	0.13250232840292073
0.10924058927323765	0.13227941364361806
0.1089082045942822	0.13214679489867975
0.10893122167174679	0.13176926306089987
0.10855616231250018	0.13149008617309912
0.1081127893734973	0.13170381219933885
0.10867699947791229	0.13070338122542652
0.10773501069602993	0.13097518344463796
0.10810557793596602	0.13072274242837817
0.107885313522915	0.13034773291609195
0.10753979666373004	0.13021512960842357
0.10739718598268262	0.1299670806466225
0.10728522048371016	0.13034821763308144
0.10691735597315122	0.12951367341351294
0.10690007728658284	0.12961466661252355
0.10656073468774788	0.1289998525557854
0.10607543455800614	0.12901980873510643
0.10653012199247937	0.12843245330044636
0.10551260767650783	0.12844602694222454
0.10608924208797983	0.1282315983269814
0.10513571148871081	0.12826321532574422
0.1057036253664289	0.1277003156958847
0.10568994466249024	0.12780298186369887
0.10552368149086935	0.1274934380309563
0.10502812374048168	0.12700765867028063
0.10488734515633562	0.12690339650602303
0.10461410267405132	0.1269992092880602
0.10464427365413308	0.1263942791519618
0.1043258209944858	0.12644668971365833
0.10397283937392619	0.12630697789012507
0.10378580281694062	0.12622699836116386
0.10365289287531225	0.12518349037985568
0.10309711554878868	0.1251019523066953
0.10338647944777823	0.12498629152731891
0.10324272573629503	0.12479396305761406
0.10291442911796306	0.12461084014094401
0.10303976070879282	0.1243403284229796
0.10255467543732397	0.12453456211870416
0.10231441751051548	0.12405011252090233
0.10222119278531328	0.12372586471570104
0.10186722314574265	0.12394896114205471
0.1021962992486755	0.12359115439199186
0.10171663121457834	0.12304337696161062
0.10123837545949745	0.1230517479511526
0.10101184236440139	0.12274491160425396
0.10117860905437377	0.12269088317447965
0.10050187674189535	0.12215295513214981
0.10107640204202198	0.12213209660142822
0.10092789144103084	0.1218403649164745
0.10041340903652568	0.12141576152387352
0.10036532590915902	0.1213317602805729
0.10011356695118015	0.12123610623468167
0.09982689579305075	0.12172163159416309
0.09993648941238965	0.12063270777155327
0.09930174055476565	0.12088233633833775
0.0994395885329187	0.12032864692104404
0.09926764409821162	0.12037888748214975
0.09905660311673153	0.11973590368695577
0.09908757382704592	0.12010753203153866
0.09902522267723457	0.11946426071023873
0.09846605630800336	0.11965270658754396
0.09866303289035704	0.1188650696840491
0.09806800810827163	0.11921748963451395
0.098036949335926	0.11838953130850019
0.0973941568764921	0.11857250034829148
0.09778735712034246	0.11831251849687288
0.09753377708146417	0.1183472490930344
0.0973928804755503	0.11784804639335256
0.09719456927720274	0.11798426767597682
0.0970571598373017	0.11799304469158643
0.09684700103851401	0.11726708486882824
0.09722582382170315	0.11709417421339674
0.09654337984584158	0.11729826177182537
0.09615531159287045	0.11656206951093162
0.09644699199195922	0.11643329053923668
0.09587204003932592	0.11597068298131072
0.09555573024277453	0.11599765827688022
0.09564972947099976	0.11603828788078906
0.09559314085957026	0.11558876656511684
0.0954468166417033	0.1155829305653924
0.09505376294247202	0.11517938823986634
0.09487608138185297	0.11485620931390099
0.09492197342767901	0.11498776587768444
0.09461265200450009	0.11489957316183406
0.09489814990483145	0.11406395423964294
0.09415397988764385	0.11433731400837548
0.09397499870624405	0.11412327835247024
0.09391789303364352	0.11396938092345166
0.09391036408932422	0.11311489386257823
0.09365716599559662	0.11357500513628266
0.0932167531531651	0.11340029736664828
0.0933526495854556	0.11264862987296326
0.09331036786055318	0.11288372754414945
0.09297402158669571	0.11270222987354245
0.09304363491876165	0.11220669026238075
0.09268022086416948	0.11264666544623773
0.09274309577536642	0.11217828371620284
0.0924055174652204	0.11214645991844299
0.09241930983386838	0.11161871083482693
0.0922691570570356	0.11156450149547462
0.09203632036396955	0.11141418173128058
0.09208192493784281	0.11084363472867893
0.09152583419417641	0.11076525888303165
0.09171639198187602	0.11070894400631949
0.09134117343339634	0.11065255624460556
0.09119853725636785	0.11003662944212493
0.09119665875946106	0.11010101792097327
0.09105406195575019	0.11023834882813799
0.0908963988117012	0.1099922542175358
0.09063171179165116	0.10919711666039311
0.09059122309754056	0.10941252969066781
0.09020771089973305	0.10931175094716426
0.08992887283119907	0.10906584216596112
0.08999482348952671	0.10938207917472362
0.08969045882118076	0.10879369339937874
0.08951572818751084	0.10849528329125899
0.08921276647501082	0.10848024717653096
0.08955055132906597	0.10838320993269782
0.08917435665966959	0.10770294507004097
0.08917938773088241	0.10752184522794264
0.08897704586147298	0.10737049095679294
0.08853299303450195	0.10704464534819808
0.08859282079615066	0.10700132347169872
0.0880339663435829	0.10733508270078373
0.0882490747371521	0.10644230596307502
0.08788276817831783	0.10697076566749897
0.0880838322141477	0.10636889117179492
0.0878724665118041	0.10601973084834222
0.08757158669053938	0.10598814838287157
0.08758925122067855	0.10581743900684823
0.08710763623177896	0.10589125099855382
0.08683686303035916	0.10554773301223914
0.08684900474836846	0.10531446466885651
0.08657959357873324	0.10500912720990288
0.08668295941108624	0.10466151383764227
0.08637539616390386	0.10469072063252882
0.0864090164557903	0.10437129454060805
0.08612657701329332	0.10439183126874683
0.08574669369223985	0.10414558703936633
0.08590556569110723	0.1039101656650222
0.08540015611533322	0.1039745602767064
0.08589059691894178	0.10373952130149033
0.08513550800527146	0.1032585519925552
0.0853397459975596	0.10308881665121288
0.08474147853491497	0.10297407869232503
0.08511646014180989	0.10283511908172754
0.08469842337867912	0.1030092074507335
0.08464923874658647	0.10255049237266158
0.08479104433505898	0.1025202504779421
0.08435972163406796	0.10210006262320334
0.08430243962665898	0.10180549841491277
0.08421069616555331	0.10190132325568711
0.08391310027204074	0.10176415737835495
0.08394632882957166	0.10171780363535433
0.0836779407579158	0.1013094877270608
0.08403888444429329	0.10109743840896998
0.08368583521098127	0.10102880705002065
0.08315042788993528	0.10078354483833876
0.0831051967597178	0.10086337844603332
0.08260309873568471	0.10035906439956058
0.08268620119808849	0.10061070073404149
0.0828581684352544	0.1000592903390978
0.08279413875373783	0.09982123494542802
0.08238154572506923	0.099718110370051
0.08257223529985343	0.09949980656914795
0.08212825989892965	0.09976565807183453
0.08186990921881143	0.0992201682293969
0.08173031856025846	0.09927098220809262
0.08186821557143842	0.09892148467640342
0.08175301671235784	0.09863034834157493
0.081443029605925	0.09864809737444606
0.0810838188193226	0.09798363640301072
0.08115644034306224	0.09823664730174249
0.08101750447061339	0.09790718978021011
0.08078049268540108	0.09816454734523779
0.08059569092704372	0.09774094434244335
0.08068561527489031	0.09746566898623751
0.08014284039280581	0.0970558844764802
0.08034457379082778	0.09692249667590724
0.08060891080447824	0.09669545213489991
0.07997502650153361	0.09670336086635542
0.07985876857767199	0.09690427398977
0.07984394423373416	0.09614763081530377
0.07938160932321513	0.09648690314180668
0.07917971336992098	0.0960116061436746
0.07922174403600984	0.0961181037501556
0.07915680892381242	0.09579553758717786
0.07881640844087767	0.0957144777277577
0.0785583538921002	0.09553205134149373
0.07877990405427572	0.09542885365045703
0.07834012094183505	0.09536482369028575
0.07852254908206954	0.09482163076517111
0.07811367818509012	0.09504417504045354
0.07803742872047137	0.0947053225715957
0.07807107163300236	0.09439108329874303
0.07788783680267211	0.09437753096229867
0.07801761331867846	0.09417137930119064
0.07748263510710707	0.09392902427631702
0.07745148724015591	0.09389553166793846
0.07727442823407443	0.09328956065764513
0.07749851288523232	0.09339968270599514
0.07694992097568311	0.09351559103411655
0.07692504199522629	0.09317335800942365
0.07672958056635198	0.09289449698528046
0.07664516902211102	0.09275542577829397
0.07642669152098103	0.09264573627826808
0.07656050255594564	0.09237830324745956
0.07650114133340347	0.09242510749131799
0.07616344443728743	0.0919386164536227
0.07569619039947405	0.09179668175009897
0.07572355909980058	0.09184889314483999
0.07564804534651504	0.09178090581987638
0.07542020186746767	0.09153784941744568
0.0758232305161825	0.0913929867556065
0.07497107172003561	0.09142492515194385
0.07509425352820354	0.0916284039405112
0.07534103535983341	0.09065648042868306
0.07487424479984334	0.09122058662478619
0.07471068367567862	0.09044580572832187
0.07498370844059946	0.0905364289416237
0.07460218704460057	0.09024912338683186
0.07456073429478184	0.08992581877048232
0.07429392718584585	0.08962247497771572
0.07423829064225348	0.08972879629676689
0.0739425569145004	0.08962539160823739
0.07373895344414458	0.08919566050423836
0.07373853858076398	0.08987835075169431
0.07360634015598058	0.08916656231334695
0.07347748467139253	0.08916057919117062
0.07347675085348272	0.08886977523943174
0.07307870001822855	0.08900358629706993
0.07315813577911286	0.08859776925126246
0.07276712084607526	0.08855795440290293
0.07298654206632958	0.08811108638070567
0.07293377817509444	0.08826441614385723
0.07253447515073404	0.08814673724024731
0.07259820831188776	0.08786907013630961
0.07233374703871467	0.08741340120534141
0.07265289720639705	0.08731783603041861
0.07230343268409156	0.08728476799372173
0.0720559739929142	0.08719975087728418
0.07179732904975869	0.08717286412506112
0.071515385423821	0.08704461901175677
0.07135205620524324	0.08643479622235918
0.07148949852937668	0.08673142554704306
0.07190260576131265	0.08677632442735715
0.07106197028097878	0.08598159158067008
0.07130972212450787	0.0858756663886733
0.07134523867877061	0.0860592792157411
0.07119158537296201	0.08578038474002685
0.07063748404646905	0.0859807006471098
0.07032462835205512	0.08555922577292532
0.07052388763952183	0.08541847414767963
0.07042189950562638	0.08558165862525341
0.07011543718417458	0.08524056170679922
0.07031516525717876	0.08520763506249046
0.07022294606830436	0.0849186118867235
0.07002261125479069	0.08494886941856844
0.06996851764145624	0.08441457879441046
0.06971292228690905	0.0848969614929317
0.06979485226240724	0.08429051432588829
0.06957999131918377	0.08431511478038213
0.06932148459790893	0.08384498951452739
0.06923953509020504	0.08418540189298912
0.06928204882978647	0.08331363607822291
0.06895758039569345	0.08330540912104391
0.06882544851939454	0.08305624350351086
0.06873918252172505	0.08320804416161784
0.0687430200764433	0.08282586737965461
0.06826243371800665	0.0829061032317148
0.06854521725935828	0.08289860045699413
0.06829998189144913	0.08277447618917819
0.06831634080621554	0.08246156492650648
0.06807535941705634	0.08229775051111633
0.06780226369015364	0.08235735872302313
0.06772996065305152	0.08156217392869058
0.06748482803773806	0.08191535568614562
0.06761476623885126	0.08177001770064876
0.06724380246971683	0.08138500224809064
0.0670215535838055	0.08141450366264284
0.06728841718838359	0.08099036845533038
0.06728283596215022	0.08085320836535177
0.06722083213525565	0.08092943993946536
0.0664655482683394	0.08100415373348789
0.06665656720141672	0.08084218799250979
0.06645861178596374	0.08082749669911225
0.06658579259465047	0.08048048054854468
0.06662114729718627	0.08052726674312657
0.06620163401267237	0.08026748942435191
0.06575018768004322	0.08002973920774607
0.06648308511783772	0.07989268007478684
0.06598419439970359	0.07967022728058189
0.06567137179548832	0.07991162015114603
0.06583589846253357	0.07909773333086152
0.06582684813863163	0.07917379715846998
0.06561260488984087	0.07911507131956158
0.06586489924490056	0.07935694675566919
0.06556791237034089	0.0788789001151377
0.06495645527079753	0.0786955065603697
0.06497737727739405	0.07877990887556338
0.06475170888208036	0.07844312938316818
0.06460514992129968	0.07815260733365999
0.06468839356416346	0.07801249642999106
0.06492453526454615	0.07809782805185357
0.06459311009645027	0.07784073201142433
0.06445427814423299	0.07791806689375394
0.06448314730389956	0.07746232143739952
0.06422665019219101	0.07786777708317166
0.06368164182160879	0.07741351461358341
0.06393942457717236	0.07750502581461624
0.06369691155679132	0.07711155233187422
0.0638664122861288	0.07724533141742433
0.06327368515447603	0.07722893682644616
0.06367874887883011	0.0763566825670026
0.0631251973371129	0.07663173671507721
0.06310339299736775	0.07666019724391379
0.06310055687309121	0.07606356749157707
0.06291477330803932	0.0762233271343065
0.06295272110054737	0.07594164009989757
0.06286489947739393	0.0762455841970198
0.06271015869701184	0.07562040327881096
0.06286504068597099	0.07592646695328462
0.06233426950788341	0.07549840215525683
0.06231355075183488	0.07553184062377935
0.0622956768936765	0.07516170828032392
0.06195951943380483	0.07550596745865507
0.062298432785551715	0.07498383234953751
0.062153020253623015	0.07503841802257813
0.06156947424432293	0.07497303496554511
0.061664134408320595	0.0751637431168394
0.061483453511545445	0.07448950289452248
0.06184657227062496	0.07425901276228118
0.061446977730418996	0.07412391965013186
0.06123727012737775	0.07418088341238208
0.06134776281045666	0.07397238353839755
0.06075477961471967	0.07387909689371826
0.06081730708485293	0.0737092331536437
0.060508344687552396	0.07381686251945614
0.06046041823110404	0.07337152514212057
0.06064949745351067	0.07338540878829622
0.06052147540013866	0.07344007496897012
0.060026724011770206	0.07332415104855702
0.060291325672212105	0.07278841429092935
0.059985629862510735	0.07307181579281934
0.060084777249346744	0.07288599127976267
0.06006529490041006	0.0725689494834602
0.05976404585818383	0.07279378275086376
0.05995380913360538	0.07232314041553128
0.059908134371642684	0.07247660850583927
0.059651247517682596	0.07183732973911025
0.05970544004305058	0.0716266383163658
0.05958114626269244	0.07180896050875298
0.05940336320447681	0.07191234937907331
0.059207060612434866	0.0714117618095497
0.058572706323452385	0.0712041630756571
0.058828249472122014	0.07123632185696213
0.05901437922460674	0.07098900790291479
0.058827305351460434	0.07098945235314283
0.05826392000652644	0.07122202661342779
0.05858652471488194	0.07063124580678778
0.0585627887450778	0.07115592727029928
0.05873044099388355	0.07082772577136823
0.058350263185151144	0.07049942510269191
0.05805987879380861	0.0704626377972522
0.057898101748824655	0.0702801544815373
0.057745027628475054	0.06986474459664813
0.05738403963647544	0.07015521630589293
0.05771367714473446	0.06977501135612033
0.057940880450233115	0.06978820152193527
0.057465299248736994	0.06954002560182838
0.057461150714819595	0.06950371798957422
0.057336207362332796	0.0693591729797803
0.05724082114265977	0.06931916119220495
0.057051947865084426	0.06906275820436296
0.056897565332001465	0.06889145547988323
0.05735304566922218	0.06853162611694881
0.056832626716190486	0.06882073979027226
0.05672177309636618	0.06836484222225925
0.05666732998203414	0.06826290814478281
0.05674146216790626	0.06826517196660223
0.05637235153446154	0.06822900239074939
0.05619078987984709	0.06789787516990986
0.05635791246423172	0.0681200565980812
0.05553078578689464	0.06822144071214822
0.056246575772797236	0.0677247606955087
0.05588073931776105	0.0677553520267934
0.05572795103734046	0.06789737382992511
0.05605338099698321	0.06702334734960423
0.05554965332537807	0.06706933646926967
0.055283440122234864	0.06746534792860187
0.05590269877927744	0.06742240204518171
0.05553561130381053	0.06702859616071935
0.05549952955133471	0.06710068732321951
0.05483718882932902	0.06692681715990885
0.05513509914614096	0.06654993791192669
0.05495797719599836	0.06679498536259501
0.05501863840187156	0.06639630520537843
0.054807952404042244	0.06644407308749668
0.05491384167981145	0.0659964781893598
0.054668594103934195	0.06600389004687261
0.05459674682687587	0.06560650708663782
0.054261719926373124	0.06576302918518587
0.05446411462845905	0.06566975114951057
0.054286969619281596	0.06585364112232724
0.05400095219149542	0.06550407831556426
0.054256633828919876	0.06553514658479098
0.05403464289317712	0.06564111519375285
0.054196716436830925	0.0652213741328748
0.05377164624061605	0.06514037133578748
0.05369746681497589	0.0651521284559089
0.05375268807632895	0.06488595406787764
0.05365045458788724	0.06490107199405731
0.05313032464275769	0.06455490723613194
0.053383406852957734	0.06409494698111669
0.053455442233817096	0.06427304188842212
0.05315585256821044	0.06420586871045182
0.053086072344499656	0.06417120694106523
0.053123885441993236	0.0637377042146142
0.053028756631686075	0.06419200000885755
0.052769442174833855	0.06376288379172179
0.05239941439760104	0.06356721578393741
0.05268821198378508	0.06378512241383895
0.052360624531327116	0.06390917505113917
0.052693697238407666	0.06331711727195503
0.052223159069416665	0.063059171520263
0.051966175872089626	0.06305295607110518
0.052106645577960874	0.06310240908370386
0.051882681746437724	0.06313906604437511
0.051810341952101796	0.0626509711616227
0.051854077624233316	0.06282986574936954
0.05173061344369956	0.06273172183702383
0.05171014912625294	0.06267752652856949
0.05166547502186923	0.06271463053196286
0.05103787734753172	0.062408011951572626
0.051288296299126145	0.062001028074522506
0.05126166635532239	0.06214991648189658
0.051138952801456194	0.06187303216046325
0.05067274418222774	0.06181434486812403
0.050623840259435435	0.06142276515148749
0.05108114319176639	0.06142167438415369
0.05125331479626998	0.0615350896313348
0.050732551586552335	0.06168429176246775
0.05105587610592108	0.06149768270723045
0.05076925822995483	0.06125265985152872
0.050193815993951646	0.06114936310013716
0.05042470912628178	0.06114895848817805
0.050348187712581705	0.060767253897198774
0.05010667991229668	0.060964051036027464
0.050241516069142046	0.06106655602917204
0.04980913422288255	0.06071328224364239
0.05028926773772678	0.06034908030314734
0.05008178041990366	0.06029499403703274
0.04958116367814731	0.06017924141913609
0.050039601067058924	0.060009435533739525
0.049569614613397185	0.06032624718429743
0.049824972706151716	0.06008575182641191
0.04953540353428536	0.0598717059524296
0.04939110223757574	0.05990469910879645
0.04914276782559969	0.05988627055118551
0.049580375542950736	0.059413828225575054
0.04916427158535277	0.059466594818776836
0.04908698568808478	0.058910027009463566
0.048710372635258424	0.05945036829745469
0.048968512978936465	0.05917562900115921
0.04892742503815869	0.058767507512450495
0.0487163884498614	0.0589403250842825
0.04861705411266254	0.058369088899234735
0.04875995249571311	0.05874145866326666
0.04841422963683982	0.058735201886380324
0.048245352472797154	0.05857428012132684
0.0488122106308222	0.058555322887886466
0.047935360938605606	0.05842887965113579
0.048112376713279253	0.058274825623772064
0.04796213969141651	0.057961491364925906
0.048097112175860005	0.05789307502780029
0.047947303471864974	0.058133415774955455
0.047843318779056905	0.057791654979047376
0.047773890544927027	0.05771050182470354
0.04768489262054112	0.057581136207585995
0.04734514031036751	0.05770824127639647
0.04775117199062916	0.05734318131054974
0.047294362295528254	0.057401242331680334
0.04759619570547563	0.05729072348817381
0.04678201227088591	0.057051976641148576
0.04731960747637976	0.05676829200612257
0.046737741952225104	0.05687205056091958
0.047238621484533734	0.05679623659547015
0.04671591496886741	0.056467442941620746
0.047012284976960014	0.05666610373965455
0.046738744414686305	0.05649358952982286
0.04696752170338599	0.05610504997201362
0.04649003397095025	0.056269975643960524
0.04619480005916335	0.05598768339423081
0.04635607394549526	0.055670361404677494
0.04623817759053888	0.05598306947353776
0.04644667617116941	0.05596004243889659
0.04602119747556624	0.05569850984412057
0.045820248765878514	0.055814938343965795
0.04592232363543254	0.055792464510147535
0.045760772997476516	0.05544142582153348
0.045954688550694754	0.05508937319195106
0.045767103301756915	0.055090901717647585
0.04539584570744742	0.055315238902802696
0.045599149117682904	0.05514193014406586
0.04555229554138177	0.05496175108010458
0.04526130591647588	0.055091480882352356
0.045290634084019905	0.054338707528498884
0.045344082123057086	0.055016864786569114
0.045008805608966265	0.054546641471440144
0.0449097299268845	0.05482255149819927
0.045131976804285844	0.05462428751492632
0.0450762696028369	0.05452255053530402
0.04472066745632719	0.05441567082995468
0.04499873036115738	0.0541206040643626
0.04469308071553488	0.053790519200495136
0.04447495074795351	0.053998797562882186
0.044701034512902214	0.0536197976036977
0.044318668652450884	0.05425722186379601
0.04480417703534273	0.053629392096240326
0.04423980974640063	0.053484565146185006
0.04403306249420645	0.05372428930683959
0.04415406944022094	0.05356661727691339
0.0439505715734501	0.05343159792580544
0.04397714427225418	0.053081353129058206
0.0439462056708181	0.05352216253821002
0.04383858358075808	0.05303352359598687
0.044037935280760686	0.05284976912253304
0.043890626693420906	0.05313216720011228
0.04381964789003394	0.053085530892981
0.043594408929436584	0.05293138411042787
0.04343003645223508	0.05273745897118048
0.043254278119603605	0.052796229104574315
0.043441949125518096	0.05259413753453928
0.04310791553105896	0.05259870004452152
0.04317583645732008	0.052193846146073766
0.04285638628117621	0.05202597047682619
0.043025034000591815	0.0522942599308889
0.043470195942704494	0.05191418444928899
0.04315923116306138	0.05174532770440416
0.04299994913370601	0.05218077128525993
0.04238521791158254	0.05150052756350665
0.04199038606557706	0.05198749887869981
0.042625390652732235	0.051580257184371425
0.04261892832933306	0.05104424086701417
0.04240913834978266	0.051556583266483644
0.04239411149617411	0.05082217632189169
0.04236126496024215	0.051109914490608484
0.04217126830912563	0.0512977704323003
0.041876906602159196	0.050935716237031484
0.04227346953718267	0.05094701742027134
0.042280919357734044	0.05084285486567903
0.04209212126775932	0.050344880300614604
0.04173333456477872	0.05043055010465453
0.041768454938357416	0.05034507420667715
0.04177010087272411	0.0506524374820258
0.04188649421718998	0.05035936690213497
0.04154426193863161	0.050453733039803605
0.04117299536735569	0.05012986911817808
0.041178725670204676	0.04999637894244159
0.04144562138857682	0.0498431115217592
0.041203360782479895	0.049815693938375864
0.04110618355359848	0.050198291511463364
0.04116151093322398	0.04977571143598189
0.040948744076462956	0.04939044747415062
0.04105347694014175	0.04929987699831129
0.04076114962028418	0.04943800651196002
0.040871253597063194	0.04964973292009528
0.04069520886326652	0.049560063033270874
0.04059933743826835	0.04939246373308791
0.04053897334040531	0.048698036676854455
0.04053693007472904	0.04929171989922697
0.04014107862681095	0.04868357107873273
0.04029930629621338	0.0489991436164104
0.040502226065962176	0.04898341097803078
0.040486392127571	0.04889466679191222
0.04004005345101182	0.04850769344505036
0.03980031835151008	0.048382500705753936
0.04001535590755965	0.04857538108621889
0.040019998217593146	0.04840888217116385
0.04018283114437835	0.04841009590802353
0.04012436738622968	0.047947742473540826
0.03959237516569884	0.04822984291450518
0.0395233621415047	0.04800888184927123
0.03958967348766831	0.04791004081034921
0.04010406236309008	0.04780292910499501
0.03934552959806942	0.048088217593315975
0.03927546659244359	0.04753814746679925
0.039473142591678036	0.047673528613464786
0.03886466715126415	0.04735401383899272
0.0393091898377611	0.0475184224225938
0.039111751804447384	0.0474939223398888
0.038794772146203006	0.0470977330001554
0.03891755613083099	0.04719183172349616
0.03888664748442944	0.04684343239588703
0.03887822714189074	0.04688065722615609
0.03852552210598626	0.046706405494230316
0.038552776258901064	0.046885391432142313
0.03859527619725464	0.04668431926751227
0.038503164916066465	0.046954030157384474
0.03857330755142668	0.046732689793342504
0.038564507495299535	0.046262035623769085
0.03849461158909732	0.046321714037218895
0.03818891353322858	0.046541217574227696
0.03844584205270364	0.0460621786651337
0.03841004004998869	0.046269708890493394
0.038487433030174226	0.04592385800723743
0.038069985757230015	0.045846073640893124
0.038104705572196126	0.0458350214750667
0.03789258400239921	0.04601218784908341
0.03791343249936829	0.04611219214646112
0.03765589913113954	0.04570928751030442
0.0375251881192322	0.045320526510698074
0.037733400566138095	0.04558539365008246
0.03737505308080008	0.04550636231309531
0.03757918371677568	0.04543385347280162
0.0376942392774454	0.04519550405175974
0.03738853090034826	0.04560301097058536
0.03722610450960428	0.045252060317587724
0.03741519544261925	0.044889608085443275
0.03711215410208084	0.045268066576101204
0.03701965162064522	0.04480258654590665
0.037110136310223286	0.0449427889609023
0.037135065452394644	0.0447600546802169
0.036910979175640464	0.04484032892853368
0.03694214827606326	0.044333690346227334
0.03699642233072643	0.044475565744774126
0.0365761760942812	0.0442012171174212
0.03649880655061399	0.04434316001530636
0.036272402182884037	0.044504878786372756
0.03654334699973644	0.044049059741702354
0.03643793472883996	0.04406699736278184
0.03669764810224142	0.04408517157041596
0.03639333323252235	0.04392661544188304
0.03648195399650262	0.043720878261686705
0.03611132205060778	0.04393803456932094
0.03630153366709402	0.044016033544676154
0.03603025824891616	0.04387280288026866
0.035842570422091755	0.04377804227464306
0.035875519507058105	0.04373763093695747
0.035765548092999616	0.04378956213514889
0.03547294077605895	0.04348044067544423
0.03603653162292819	0.04348502171644672
0.03590407433044259	0.043329641798181814
0.03573146817891423	0.043524613469149334
0.03565823566060905	0.04305495535079934
0.035503820719627655	0.042994727204563404
0.03548685319106508	0.04315611942278123
0.03527803498173248	0.04292124411243839
0.035555513766341904	0.04311405973123345
0.03527224846968002	0.04242576103465359
0.03509780211001005	0.04281593196246617
0.035216488879861146	0.04246473536943547
0.03510142731991313	0.042451778490090006
0.035051483050034006	0.042626927526009606
0.03463346027834112	0.042527538858454145
0.035469289370700145	0.042310875031611385
0.03469287745624377	0.04217887902485566
0.034915430331659496	0.04221091437441547
0.0350377626470801	0.04229374926992635
0.03500864962486773	0.041806848304325815
0.03461458563277118	0.04187479439266822
0.03458577802248036	0.042066428231806646
0.034253915439551634	0.04129768358576651
0.03480255006865433	0.04165395341385387
0.03467856665272521	0.04171411691340976
0.03450213516471935	0.041482803140325944
0.03411488017896003	0.04143434702500425
0.034580740864291276	0.04139199713168507
0.03460016436054817	0.04169199518335484
0.03396194676864387	0.04139342886897193
0.03410488121147086	0.041302711297207334
0.033783551965948184	0.041360584643321485
0.03386538112471181	0.04094430123376631
0.033710449055587656	0.041042278750295744
0.03435983534295869	0.04084050390442286
0.0336801657285304	0.040855893292052525
0.033490536663497675	0.040737708469217454
0.03367547974541686	0.04083835186509973
0.03334458356269974	0.04081927903844015
0.03335712947337483	0.040508135510271215
0.033558012819250194	0.04036607458582148
0.033610256251768125	0.040352777014082526
0.0333133391566511	0.04051233372451626
0.03334488057651987	0.03981704228987527
0.03310333471656657	0.04017522544316542
0.03318595291740688	0.040017214209
0.033123550991383865	0.04034303323181818
0.033277931803369055	0.040180380018405966
0.03318369099951956	0.03998105452489913
0.03308256957325474	0.039832281788610716
0.03234188007993862	0.03945631620600084
0.032929782689384464	0.039703926988766965
0.032751161636158564	0.040049888259566735
0.03264061562468496	0.0400584729733436
0.0326458179262419	0.03963300236670201
0.03260900419097502	0.03956052209845496
0.032223484196937505	0.0395163240026249
0.032616668371669336	0.03950448902555698
0.03280032122286514	0.03921723975181694
0.032608386439345674	0.0390405309728512
0.032570532989008395	0.03909407885946311
0.03241050511516454	0.039227738750566066
0.03241338634611539	0.03918362860052317
0.03193801288462154	0.03948792161395392
0.0321756974116821	0.03895355604183289
0.03178616798865472	0.03905809675446424
0.031521959722004146	0.03865036609054005
0.03160487419524313	0.03859670997332952
0.031876211956129864	0.03851502806184747
0.031578463929381594	0.03844081616638596
0.031840151027661884	0.038521157802605954
0.03198909277091102	0.03821512138236246
0.03165352125081172	0.037941098638952536
0.03152087454975303	0.03793323637609489
0.03170748753842127	0.038342897744821816
0.03150678326789085	0.03792107117039194
0.03137628561175177	0.03825603820592835
0.031394394753017224	0.03783749422511079
0.0314532871881736	0.03787259400050231
0.030893077353665494	0.03813994738276708
0.031640035121703734	0.03779319805378171
0.031460858968165945	0.0375019628990638
0.031114338809362433	0.03769776592932132
0.03135122668563704	0.03762927281566876
0.0308213240327826	0.037548689578749746
0.030900051422747897	0.03769129357662741
0.030707435635180243	0.03730342812000455
0.03110710122194037	0.037027359939075404
0.0308538102786203	0.03740933063303083
0.030548007644882365	0.03691343307302572
0.030845882879212375	0.03707779739064646
0.030558183715028105	0.037060967833521904
0.030357708466624483	0.03687809794763899
0.030810151344630526	0.03679638153267543
0.0304054276077004	0.03675744783696794
0.030570047028344646	0.03687066464898319
0.030453342094862203	0.0368383041954498
0.03021456236485729	0.0368833075189499
0.03024214389115781	0.036718275452362455
0.03029777763484706	0.03656134719848847
0.029925928468171818	0.03688060914068573
0.0295513874167366	0.036103084802721556
0.02986667595486932	0.036337481051892
0.029824820969365916	0.03623579677738807
0.03002260287457552	0.03626282800290893
0.030229298751983814	0.03598892370316738
0.029877449528230748	0.0357897569452434
0.029721828566612055	0.03589166997926756
0.029889050833484115	0.035953310328291715
0.02957634879179928	0.03580047613217686
0.02954106759432678	0.035748483358644084
0.029667012500953268	0.03577919007708894
0.02961088932550025	0.03549336041118828
0.029372351197367176	0.03576298968033275
0.029348578542383305	0.03563114892976846
0.029303120855255084	0.03569957214409854
0.029490270579282784	0.03547151802439704
0.029312967794002755	0.035588764057057874
0.02923645323323594	0.035397647902333684
0.029132723657771413	0.03510143056183964
0.029026681524403106	0.035229743512775094
0.02938011672148987	0.03478525081069321
0.02925713998683074	0.03511885624949541
0.02897897543977085	0.03514821413867716
0.028724767318859885	0.035099384448329045
0.02912968308426983	0.03502590533420074
0.028901882510624706	0.035168650579525035
0.029200925289378468	0.03466019222916254
0.028773410407093913	0.03491808707816704
0.028930749248320755	0.03469606982586163
0.0286414530185824	0.03447337319692406
0.028634875205986343	0.03443471544179216
0.028836120821360764	0.03483086307847263
0.028120430423222785	0.03433438876485049
0.02838624516174155	0.03413866491217455
0.028211572229542833	0.034265804975490886
0.028002200473558763	0.03413604249049906
0.02834455999370247	0.03419847514439218
0.027954138460846205	0.03424481746496634
0.028319565297844372	0.03430770989207084
0.02829482153614351	0.03395635328342982
0.02843621272800097	0.033748796614657
0.028074018687393166	0.03416384488646646
0.027926072255324445	0.03355842313862332
0.027881911795785107	0.03353065318684555
0.028239879881375038	0.03383347727295884
0.02781009020301199	0.03333729061917544
0.027616130233011165	0.033523021345625514
0.02796079733151267	0.033782730130260445
0.027693781527421177	0.033503537439268316
0.027724733632876655	0.03323496588521482
0.027593459812389216	0.0332329079170282
0.02764774792053047	0.03346926651330308
0.02781439180595172	0.03328862614181536
0.027205965992991542	0.03341682707824417
0.027400955132753167	0.03330397027360194
0.02752034448444663	0.03325397150442945
0.027258985966120253	0.03273226669612434
0.02731090525331529	0.03267739604565398
0.027381180195679096	0.03296031778117837
0.027345642416143106	0.03310577674609169
0.02679603686445891	0.032577120341257315
0.026987597811352064	0.03279463262887943
0.027103570896672743	0.032664726441022446
0.027091328889510814	0.032617278948922274
0.0270964410699346	0.03262355603191811
0.027175151209856325	0.032822425921855095
0.02719367749494342	0.032209960699496186
0.026656758208448712	0.032156723793830624
0.027002048746705486	0.032163698437486
0.026868268224299573	0.03246935024977744
0.02685270802818086	0.03236242350152084
0.02671933350945759	0.032297520207898084
0.026325248028993883	0.03200192581425095
0.026084946313339685	0.03214643032585351
0.026488865881934893	0.0320765349745532
0.0263822837945163	0.03184122535187497
0.02615656466279213	0.03193657370023305
0.026302932203712357	0.032120321800625004
0.02594242384026844	0.031786150427373885
0.026162424699967764	0.03179742946302119
0.026024493859813466	0.031773063746586554
0.02608690734532847	0.031672753307535224
0.025815858480933596	0.0317384417685858
0.02595128868919965	0.03175300731153675
0.025886311769138966	0.03138466562703612
0.02587534591237584	0.031494888161241734
0.025903964323792425	0.03151464880015263
0.025840260647146174	0.031470190369776746
0.025852383249972414	0.031111116465387785
0.02588590012433079	0.031263950648294486
0.025687342988973353	0.031088408075755893
0.025900365211465173	0.03095424654350916
0.025580096073775795	0.0310031849092518
0.025557536468133912	0.030824317137835868
0.02561896437179525	0.031022845705512475
0.02563850396715042	0.030839394436156416
0.0252765899027685	0.0308440038690069
0.025367095851176642	0.03086955394411491
0.025538234938059633	0.0307230799955936
0.02533834086379568	0.030664686005461406
0.025478147545673208	0.03064289768827648
0.025252447945336213	0.030770627825245204
0.025359869469093483	0.030642709506731296
0.025209144127582267	0.030711313480625967
0.02539882624774272	0.03068743271424131
0.024810484555454017	0.03046232929090221
0.024888524493465954	0.030254371812546352
0.025227445907599195	0.030535855901500288
0.025041169191086735	0.030099766008383655
0.025021711562219683	0.030336469059893616
0.024739392001311852	0.030267543261429695
0.024673757508741442	0.029909463497935492
0.025006311779405814	0.030031223334467654
0.024854398317683605	0.029809498973691204
0.024494671427298612	0.029934328174853093
0.02453971111859516	0.029853363102466383
0.024669305316051465	0.03000728739872304
0.024455094293417436	0.029795169514984347
0.024676691371563707	0.029922349499128906
0.024269226599921534	0.029414270956997092
0.024600419328217476	0.029566216527296626
0.024496710052002366	0.0294363742383022
0.02443381720951871	0.02947351441812807
0.024426866966720553	0.029304674621503553
0.024748136865108277	0.02950101046897536
0.024345734165726586	0.02945893405363645
0.024118374945795613	0.02932856116966373
0.023968206123068922	0.02913074957290326
0.024382612769089342	0.029100080598497773
0.023859832706205196	0.029024178502869976
0.023997815118298297	0.028950055614523542
0.023859794493870587	0.028831439889502847
0.02399420815330698	0.028761943161432234
0.024131338174500097	0.028713439525867114
0.023650527889276383	0.028686594225945557
0.024042169743001277	0.0286022361058191
0.02356198703344622	0.0286893485665016
0.023768250471897182	0.028584493000645035
0.023713108755990756	0.028755339954042104
0.023536963143008332	0.028541090460659606
0.02331459128684519	0.02852339926347693
0.02376584532814455	0.028249454043792088
0.023719883206167566	0.028380712371961624
0.023362964428392603	0.028402402010745585
0.023480493020220986	0.028288652072989973
0.023174505942105843	0.02826326089182983
0.023257719704536238	0.028161947822858264
0.023077746677342775	0.028257033711518675
0.023343541937428724	0.028279155074305187
0.0230380693064933	0.028100199742580777
0.02311009676361412	0.027901446312517682
0.02271154912801652	0.027871641426095217
0.02337561216426251	0.02780514621298395
0.023196386510579287	0.02762848086540027
0.022942557034770758	0.02790701758107755
0.022758237815894197	0.0276096756409212
0.02261799734307763	0.027739110578393705
0.022786463250632535	0.027838816178189663
0.022847679095341477	0.027534148622295588
0.02293128501915846	0.027577695627342292
0.022629374986236593	0.027484111870065466
0.02300740475623263	0.0274423733977241
0.022845262871896376	0.027332383422737305
0.022503483030966852	0.02767736189774337
0.022467396057241643	0.026928155116421545
0.02248013149889635	0.027186630002702626
0.022856740261669367	0.027165807919600098
0.02227021382072431	0.02759390424559366
0.02278962354917362	0.026983812068660407
0.022562426514867517	0.027619194561227783
0.02254894879012443	0.026984552991117124
0.022336351736211218	0.02713986129757986
0.022416084850132315	0.02722596391326293
0.02210538447991754	0.026925417819566415
0.022536682530051543	0.02698197994098861
0.022076659580677394	0.026667239864101584
0.02234266436279105	0.02649677384414737
0.021999034806542358	0.026762152936990406
0.022017184077321318	0.026832692006186515
0.02199419802005962	0.026631967082907083
0.02207313465956608	0.02651893681776126
0.02189111181578298	0.02675758188876157
0.021987056395903065	0.026655857950149534
0.021831686283893918	0.026767921231280675
0.021816826425421	0.026557559121556013
0.021682909886967475	0.026322007993829766
0.021682553686286025	0.026279365092146737
0.021698298973293388	0.02646751157592046
0.02152835669684777	0.02649238522061047
0.021650857243715398	0.025963516267814974
0.021396645861832413	0.02661963396510303
0.021298402231334907	0.026224216826799814
0.021348319292673477	0.025795691621474333
0.021667051155620745	0.025872374408033437
0.021601039444938113	0.026058275896570875
0.021381991947178904	0.026009649931184972
0.021399098452644795	0.026079660029456334
0.021675880688685253	0.02595630155715189
0.02150599435157288	0.025941759097791197
0.02145684476980436	0.025797769794886533
0.021498762402587454	0.02607552902183821
0.021189158763940133	0.025798198296264344
0.021316786548919955	0.025344853609139642
0.021136448318902813	0.02542651465125293
0.02122950036734919	0.02568924747528573
0.020874550734130668	0.025450518201253172
0.021034538257121798	0.025520937286945433
0.021192181418684806	0.02529783167845206
0.02073171714698538	0.025242639788926723
0.020974250596111795	0.02534888341254796
0.020781272702342812	0.025522604478047144
0.020941718476431125	0.025212704418948483
0.020518376242341072	0.025181318229292718
0.020940789370964583	0.025151534820016887
0.02093034857333048	0.025355808387220274
0.02062682270806871	0.02485974786327718
0.020468176431236624	0.024836795139558814
0.020727857060597463	0.02495570248002394
0.02065005598040543	0.02496827106754261
0.020088908103816	0.02509076782700127
0.020490091845454993	0.025073871281108037
0.020437450316257228	0.02481258356440269
0.020326086780740014	0.024997443364655494
0.020560955558505924	0.02459373508918783
0.020162169602444446	0.024568723954456174
0.020220089187528663	0.024532254520696024
0.0199114244076215	0.024940515438696225
0.020378082328513236	0.02460340902689613
0.020209260216414286	0.024490606865461513
0.020044315172810346	0.02456663601839583
0.01983648916459134	0.02439545325881519
0.02002153541663891	0.024345631961531444
0.019836965387395915	0.024581024599296317
0.019943309442760907	0.024346876752907566
0.020253431506063263	0.024121152582608895
0.01971314507842911	0.024192955006148407
0.01999931335132986	0.023945782021697247
0.019948152148373262	0.024406084425471587
0.019857855417127267	0.02388806152716276
0.019741371016175718	0.0240140608412694
0.0199692775720699	0.02399721442842944
0.019982902139612537	0.024071260695882814
0.020037070566517566	0.023651979644092568
0.019717267255554425	0.024102155952443086
0.019316625863233416	0.023753883659437793
0.019693229137105913	0.024226778671838475
0.019509407661427267	0.023291195092781245
0.019430323776231856	0.023630781263212802
0.019913953156831796	0.02394806703829558
0.019638410620507866	0.023479730053021983
0.0196216691663419	0.023464696947972263
0.019174364864160097	0.023581337212407887
0.019664154991629584	0.023303890533977998
0.01949521878642798	0.023478050575045487
0.019347327967209144	0.023454368405573946
0.019484510992790374	0.02340643242724459
0.019516787072710283	0.023337710472109315
0.01938875998704745	0.02288888635375016
0.018936786938935635	0.02319322859596479
0.019068812904660323	0.023090022459586856
0.01917675026961515	0.023064913635374884
0.01886334871521009	0.023385874835546605
0.01920686868627478	0.02324753282217374
0.019071091667424045	0.022959263830035808
0.018870035111251317	0.023104972752458708
0.019181882926431484	0.023104338608833947
0.018619096035270517	0.023322817705600664
0.01858466043007619	0.02318946939640158
0.019078009337139594	0.02270074724825591
0.018911690002013926	0.022839430021768053
0.0187483424785991	0.022615940617462558
0.018526037715615735	0.023181656923482098
0.018707307830107833	0.02277567034026335
0.01854162394736851	0.0226013241850909
0.018453617039872274	0.022766393776673687
0.018529879611383054	0.02276738483657444
0.018653112872117447	0.022753230829998274
0.018449050802210137	0.02261533148564174
0.018212464887278894	0.022826302788399224
0.01835278237419685	0.022368416802975282
0.018278488020868677	0.022437130856271338
0.018717186276242772	0.022668576528615255
0.018302782470629216	0.02226141082356242
0.018499064744516864	0.02238889798044558
0.018462836841113286	0.022516614024301395
0.018413646034194445	0.0220147204305388
0.018455910031475904	0.022115120496536883
0.018357674835747198	0.02199939659559392
0.018310388907127807	0.02218245442955214
0.018023106416108825	0.022155267182634653
0.017956296119658117	0.021887575267781408
0.01829101937164966	0.02168045582612722
0.01846000199204522	0.02200752594979932
0.018235418621968074	0.022125278202424808
0.01841801534298158	0.021779169968748652
0.0180260735330427	0.021437586466331718
0.018251337300655902	0.021678770685706557
0.017961396906536822	0.02161382922339106
0.017902040800290807	0.021617826907979823
0.017811310074086647	0.021480509865637817
0.01738353722684408	0.021928615605375814
0.017793709650242514	0.021425469657371916
0.017757740441358725	0.021976830452670557
0.017565800572888177	0.02156437621219427
0.01778720980087871	0.021483258424953706
0.017768245733069947	0.02155460578102098
0.017518001072050367	0.021455714564557207
0.017850169036149235	0.021331239789894714
0.017537287507596495	0.02153280789008444
0.017206062623541293	0.02112780632877795
0.017341826179202182	0.02117639248562344
0.01725237509899268	0.021160579937484887
0.017396597915799568	0.020969016879315676
0.017522528212642684	0.02138216758021834
0.017359345384510762	0.021200027772267607
0.01720250253084103	0.02099058566584387
0.017532380716765203	0.02078531018100731
0.016979379195845426	0.02073600985221437
0.01709056336139061	0.020847948781183987
0.017081286526779406	0.02104897946173177
0.01678901643005673	0.020393385142247342
0.01689309623747281	0.02045216731343663
0.016714081425835664	0.02074944247324286
0.017338726815270013	0.02033867826589765
0.01745263816089849	0.020849901702422922
0.017228154826942337	0.020840859746553864
0.017364761390608986	0.020542464097178196
0.016869139746261697	0.02073647980586198
0.016833514868346222	0.02043849895460862
0.01682213122492139	0.02034631067975147
0.01675742775007043	0.020378541291391765
0.017209538464716637	0.0201024990165851
0.01682275641737875	0.020697217740066047
0.017154037143600708	0.020379202396329506
0.01689336931093771	0.019898654902729802
0.016848962073637168	0.02063838236489392
0.017170717034461953	0.02016330646025165
0.016750220543978057	0.020223582375836255
0.01664994529652052	0.020450255945055812
0.01655353386841839	0.02022908881013879
0.016839004277567307	0.020200589686106604
0.016497814871976484	0.020155526272967475
0.01697605823513391	0.019969258737680278
0.01683675544905045	0.020016338202921494
0.01680257585586488	0.019907333404200745
0.016518739909561375	0.02003714522311459
0.016610609683389017	0.019906951481482763
0.016622684849267527	0.020243625226098922
0.01595690307820826	0.019716198694149603
0.016434592654920293	0.019969269784402617
0.0162215291872315	0.01990808558827936
