2048.0	0.0
5.0	0.0
100.0	0.0
3000000.0	0.0
32.0	0.0
100000.0	0.0
5000.0	0.0
5000.0	0.0
2842.0	0.0
10000.0	0.0
0.07120732759595036	0.014371194727273273
-0.0007201771282070513	0.07215022884321863
0.07097102406052151	0.015629366611054202
-0.00014741182115885097	0.06894700824655656
0.06969321714581278	0.019157134836570788
0.0023267314902609445	0.0654409827541842
0.06608291836273385	0.02302214126114201
0.005865282840691248	0.06047910914233238
0.06164186136145236	0.028222745879891424
0.010508913910728893	0.054950884771980506
0.05613641182716106	0.033412347303133375
0.016561586135453665	0.04897579733701875
0.049725125175629895	0.03931660276268249
0.023074690541057204	0.042573938954664485
0.04292368892419754	0.04497243744052485
0.02947092156040279	0.036862743965937785
0.035697515182844475	0.05020816007691008
0.0368799943780817	0.031764715722616216
0.02832628806484572	0.054756979349108476
0.04347545576384911	0.02693457086033136
0.021874251048151012	0.05876486016384362
0.04942872510970049	0.02325565628309017
0.016102756014650676	0.061903270041529866
0.05383585785392664	0.02064581939391422
0.011883377303469106	0.06310034003694454
0.057229504980943625	0.019684911466035796
0.009170142494576029	0.06300504094295817
0.05893384635586617	0.02033059678819487
0.008449697174734603	0.062060321997480426
0.05835527753046891	0.021920575421762054
0.009284668553140443	0.05950035561863334
0.0572215122531392	0.025093566978024708
0.011558778511238555	0.05561643763825972
0.05379077218690735	0.028876886680621543
0.015143318874846122	0.05108711302802447
0.048864052387113506	0.03326165211670089
0.019995148855259444	0.045947274092005316
0.04421158882950129	0.037768705271910445
0.024880759471347207	0.04146413486579057
0.03844387267575649	0.04215487209752704
0.030141606202685273	0.036833512232965014
0.033232090777348636	0.045905718550297785
0.03503274405409932	0.03256511327081778
0.028248809221674165	0.04922458652203738
0.03921104021451258	0.030079542918295774
0.024384839273268358	0.051123987240510704
0.04267490344559083	0.028216487930988743
0.021117461161188376	0.05247708156012655
0.04512019761917212	0.027119189772694348
0.019223132302144695	0.053069869954923486
0.046220486590767725	0.026742512627554064
0.01780633318235186	0.05256774148126596
0.046702537382072834	0.027118929816531367
0.017498264835801046	0.05184087084720557
0.04653291421774189	0.02796024504928732
0.01820142670867834	0.04990815256080733
0.04540550052377676	0.02991663774934638
0.019357166708659244	0.0477893446286408
0.04377016878316963	0.03146977932213439
0.021342946394780536	0.0456519395574721
0.04135212653452588	0.03389267907871263
0.023587057836002755	0.043288231504647494
0.03887245732347112	0.0358450418568666
0.025577793472435977	0.04101245871548466
0.036643154331845375	0.03771988666218094
0.028259044095440496	0.03863771680121972
0.03389816344556056	0.03943523698876831
0.0307011279183206	0.036971541399196554
0.0318988451109473	0.04089297036192284
0.03256989354939938	0.03532696606869228
0.029815643799925132	0.041938400958085376
0.033574901738408186	0.034751336232375585
0.02847703842767376	0.04231180823778243
0.03476111740202642	0.03375035542996662
0.02685327626043195	0.04278992984797879
0.0355728029722777	0.033275015836239194
0.02662892527292378	0.042908794336683646
0.03613638094184214	0.03358414253601515
0.02585622528786551	0.042585019027525914
0.035824461287592584	0.0331812230201278
0.025775255479207282	0.04171491362278156
0.03539069265003668	0.0336587811215011
0.026258700934632315	0.0413520262370409
0.03507692434395671	0.03397576978495677
0.026390798558203452	0.04060410483484059
0.03438487955326151	0.03443242743231726
0.026548336571365055	0.0397331891908594
0.03356373595220331	0.03512939302752584
0.027051063156096306	0.03908159032115086
0.03311656940218845	0.03567226693339473
0.028025708809612568	0.0384311032338758
0.03253893557714713	0.03596171835682453
0.027968033014674033	0.038006105671853016
0.0320522155258195	0.036239821739503686
0.028424359812272208	0.037118634535614314
0.03136803862324329	0.03668028581216508
0.029009415236825306	0.03708640548277693
0.03101836180817788	0.036565014662175904
0.029584590205456465	0.036296812049797914
0.030230910349427563	0.0365390824158512
0.029612669453914206	0.03581717008404399
0.029461643143738628	0.03768463946500922
0.030029380972255278	0.035397276297815965
0.02887970852243045	0.037846762192710486
0.03002024398070889	0.03501206661721665
0.028341403197131618	0.03742973643898796
0.03059742692449049	0.03433144856395329
0.027763028912872134	0.03812855395864241
0.031215741313480448	0.03395660024462514
0.02727481470399893	0.03808846520836445
0.03169576215470663	0.03343381321715039
0.02692979414094966	0.038564107270264006
0.03188869981832867	0.03357908682504446
0.026366412669063	0.0380105547197246
0.03201617424505918	0.0335248763881023
0.02606358993140914	0.037683135242067164
0.03195699158497041	0.03275500998304357
0.025992441758679395	0.03769302764714836
0.03204910513891374	0.03305210901941661
0.02571820784198291	0.03745737744012387
0.03182380935965913	0.033657806019202104
0.02553489949212784	0.036616779070451154
0.031158909880155964	0.03398897732227719
0.026059011140519218	0.035864523906014016
0.030578107042976477	0.03436977397912337
0.026604232097862154	0.03513177890520411
0.02976149296187392	0.03504051315242919
0.02750421557300354	0.0340487149455401
0.02826401105585113	0.035849284741848404
0.028946034330025103	0.03346860769752416
0.02761007086577679	0.036579967184025154
0.02933621078664721	0.03238445889944004
0.026410100063154453	0.03689948089028209
0.030327003239340705	0.031904997460941
0.02532832192821621	0.03762289828083376
0.031207252580589314	0.031319580041238776
0.024033841017623882	0.03753483790589112
0.03159211521523961	0.030801815064728837
0.02371440868817321	0.037847670070075404
0.032115293895694515	0.030649910869632205
0.02321003227691099	0.03742988396005942
0.03241962216804116	0.030650997504488558
0.023146438174645068	0.037321902961826144
0.03158944547588377	0.031048008903818584
0.023493046349884156	0.0366253021062807
0.031164859930364525	0.031044815255391926
0.023976892223541876	0.03564859822850686
0.03063806123398917	0.032103226577417515
0.0244908984822151	0.03485286370393729
0.02938356524222756	0.03278458181388067
0.025293220709487956	0.03353856379377227
0.02790338327666104	0.03362223674860712
0.026658328244351187	0.03245126915321623
0.027249017600531392	0.03459247091131462
0.027388288464959644	0.03164203229947941
0.025789341387056696	0.035252184673861285
0.028323820920463916	0.030538861507120575
0.02485841540503137	0.035401241207331555
0.02932523586745292	0.030281226492175347
0.02364385212474352	0.03574211520534973
0.029842070282718923	0.02992657381127038
0.023159113148828552	0.035786790267237654
0.03010904849406858	0.02989870240223848
0.023234460231681936	0.03546159199732127
0.030099774924709305	0.029480907479608937
0.02302964936366284	0.035232896615616856
0.029714891280318213	0.030201744747153536
0.023281767093982268	0.03422201985515679
0.029113225347540506	0.030689544040570872
0.024267913782409296	0.03370056530026131
0.028241825673205597	0.031292635886098305
0.02466232153918802	0.03247518864827331
0.02716882889036228	0.03233051172692151
0.025676466051001906	0.03202683276894385
0.026258997187617095	0.03265929702160445
0.026388302986040363	0.03091993964457332
0.024867303067544342	0.033365834228657514
0.02719370445393754	0.029823848873354774
0.024077472839599847	0.034203930304259625
0.028098222429915685	0.02902242389252344
0.023413988015189964	0.03424087390272587
0.02882416820836288	0.029018108162455626
0.022593551926868412	0.034383580089095214
0.0290014486928404	0.028673252281555418
0.022280238796783324	0.034138819590038255
0.02907832152829624	0.028649944081666184
0.02225591899493611	0.034231867110534775
0.02862327862680357	0.029327332129703596
0.022389036746741246	0.032943080996818
0.028032980804691528	0.029920419941854688
0.023268265659566755	0.032183820974091025
0.0273537385889454	0.03023335448395464
0.023776700620186605	0.03166487360034769
0.0264201555536671	0.031098165933004764
0.024505897440621423	0.030943572621580803
0.02562119821187042	0.0320757610952027
0.025689504334579453	0.029838020008454837
0.02468036778757189	0.0323133876372663
0.026305617606700707	0.029127146966206694
0.02359901300016394	0.03289968571701619
0.027067361021774684	0.02827256962233774
0.022717765715051522	0.032781424823112186
0.027134603857438672	0.027634175182248994
0.02205756715396117	0.03330912466919483
0.028030166383098888	0.027554118996143847
0.02185933033542555	0.03292907048012427
0.028032205130459856	0.02779350586874782
0.021133189758616444	0.03265487065709689
0.02775103499101383	0.02783149179540887
0.02118280736284295	0.03208804007832586
0.02757617896599679	0.02825838113271161
0.021789375426243845	0.031548085545688706
0.026765381459841663	0.028750608213853314
0.022160168687614435	0.031073210059672417
0.02628830821822869	0.02914677476513255
0.022779940797068698	0.030277267600750828
0.0254738639745261	0.029936527684350723
0.02362001857448622	0.029370968496195686
0.02471603341826622	0.03012537967616516
0.024493801448742917	0.02860830545027032
0.023841309299030528	0.030851607411495827
0.02471542796426139	0.02800007111832635
0.02303228429204637	0.03110953201701072
0.025560040590431498	0.027963995949276867
0.02231540759587278	0.031091782532578785
0.025717254154056693	0.02730078796476572
0.02186493482183285	0.031136041184005526
0.026243061598096556	0.02756549888168557
0.021664428082684786	0.03156743375814104
0.025823173151984766	0.0274867459501908
0.021561723872583434	0.03060327869091883
0.025668166314417536	0.027647732377135015
0.021646978566293024	0.030507534533372883
0.025659150646012988	0.027575175733183653
0.021625234368172604	0.02981932640314591
0.02498163384145617	0.02796947097102753
0.022088929603319547	0.029763188007403046
0.024455847183632834	0.028270506297011506
0.02224255070241208	0.029300679761102524
0.024025032719746972	0.028434609035131335
0.022464350519694098	0.029035825238008947
0.023446558288890626	0.02846530342806247
0.022804001993088487	0.028550470632582176
0.02304003042924696	0.02887393838910499
0.02324088053554103	0.027907818128383825
0.022471197171811032	0.02875947300716201
0.02353797019612975	0.027624398596863966
0.022264203778658856	0.029407535446625888
0.023690397391782476	0.02743049572104935
0.022252493427158085	0.02901287443141267
0.023382034085350015	0.02749201990283828
0.022019253101982564	0.02903808352706202
0.023980982934363997	0.027102889642484015
0.02170398780534664	0.028651090672610145
0.023751541543778565	0.027065337664194715
0.021756130952753992	0.028669497288760462
0.02351670116426858	0.02714341265705374
0.02178392959386064	0.028384999274141013
0.023742393518306558	0.02699207862133436
0.021625430483163424	0.028234460803463247
0.02306149107709177	0.02683379372152437
0.0218265028489991	0.02804295924777727
0.023020530743962993	0.02692609500947115
0.021720618619215575	0.027550969398347374
0.023133987347980865	0.026832935157527646
0.021316921252394577	0.02765093379976114
0.02293457068568779	0.02666154643418936
0.021888559393447124	0.027551578246189243
0.02232634742946127	0.026976726461212325
0.021704649310422718	0.027500382547675867
0.02290796977713477	0.027148780216867726
0.0217339681472801	0.027182653153133562
0.022174022172638492	0.026733952986287016
0.02154794973901998	0.027229841890266077
0.022183730364908175	0.027017827560697368
0.021812968301383108	0.027127137339471974
0.02212795562551423	0.027012950558962107
0.02189387171327733	0.02631924567632192
0.021562015259075633	0.027054210961804416
0.021763371839111804	0.026442973055336525
0.021543178126027566	0.026663720370708008
0.021669559480048034	0.026155624835759936
0.021675454104220736	0.026997603690964274
0.021845243824139705	0.02603892682675708
0.021349867266815724	0.02726959774825026
0.021904954857938946	0.025956734667908887
0.02095933248683258	0.02694883651085735
0.02228603926335209	0.025720563636569493
0.02063391121519702	0.026657782890211177
0.022099565458798258	0.025659047988124288
0.020476626111708765	0.026904893925100187
0.022331581586559266	0.02557186171501104
0.02021381794264619	0.027053882515360065
0.021993591874058187	0.02535840661245332
0.020405017142753164	0.026963743092527512
0.02198340659034548	0.025242861610423464
0.020135094909551978	0.026450393917725974
0.022061610661920156	0.025255101576439475
0.019909344632030784	0.026083208618787334
0.021737897051512998	0.02562257575396559
0.02017379328288115	0.02604655134390829
0.0217724467337967	0.025359910875033736
0.020463057071412178	0.025505197088842236
0.021496557856080938	0.025282995387220102
0.02043028803416737	0.025642050373735552
0.020798385408401256	0.025517605281353425
0.020553900434428934	0.02545094299381033
0.0209527118868427	0.025585810300458214
0.021007001398264714	0.025074219757057988
0.020364637269438563	0.0255883890343601
0.021184507655199285	0.02492438521169959
0.020238850611349127	0.025547069458389002
0.021310441410414944	0.025003695186069874
0.019718655598831656	0.025815835065600385
0.020898724677819502	0.024574363218654877
0.019672116947012153	0.02551661665978519
0.020906905441622863	0.024706615218936218
0.019641318602052475	0.02528776118303374
0.02107536035851058	0.024271248715022703
0.019321336928918464	0.024757016846570192
0.020468074653799982	0.024400350507111878
0.020157938949673018	0.02479213209296465
0.020737910220684126	0.024249879654268957
0.02023642511230371	0.02460270857730533
0.020287148313110685	0.024972631239172195
0.019897970193994485	0.024715318464526757
0.01982614321144972	0.02478396604985523
0.019974606697036625	0.024089395878224885
0.01964561667819018	0.024657089675948908
0.02016742808703942	0.02423251022636334
0.019506670203888195	0.024919383764147887
0.020279567317319676	0.02382736437505858
0.018853913199572758	0.024834987166598602
0.02041417467443623	0.023883079042888708
0.019093938755851515	0.024889791879181722
0.02050596459709211	0.023606684855304875
0.018963515636761817	0.025067034691569498
0.020162607133802163	0.023766723540303812
0.018770911307519192	0.025103404241418294
0.0200124343271544	0.023690454179736135
0.01886694172738339	0.02447352876355727
0.019993481956907304	0.02350609915286799
0.01907388225900038	0.02430478669349985
0.0196976262442971	0.023841513368452773
0.0190759930369368	0.023874533734822
0.01977412481196821	0.023520263913442443
0.018916744975982346	0.023738570022623376
0.019323191889325332	0.023611267083428082
0.019144024225151057	0.02345565032307094
0.019064876188804168	0.024173826462188224
0.01942088321005268	0.023354313320454324
0.01880610681782598	0.02383938168155528
0.01950615212375801	0.023104394471520583
0.01876857980533378	0.02368148268711189
0.019782658991574928	0.022704896465002487
0.01833519150558437	0.02396072088581021
0.019485888382162343	0.0229166792446755
0.018571745090327756	0.0239743489504666
0.019558844609526553	0.022531978947364188
0.01846468096588005	0.0235987379266242
0.01977874688241523	0.022667298375293094
0.018321055910841877	0.023484850379245376
0.019435469483102923	0.02249187514984692
0.018071510341991653	0.023482635913627488
0.01883595258386406	0.02280076988067057
0.018397020281563835	0.02328766010259575
0.018757746844360598	0.022689412246665246
0.018274805001801238	0.022728258525512232
0.019250408504515613	0.02282824214378049
0.01833849427158957	0.022799445043938295
0.01898971041440601	0.02295265227284208
0.018681470419559847	0.022714249615656212
0.01836397982456261	0.022842444416449937
0.01873662139870239	0.022173186535789244
0.018239667891431735	0.022933623292355626
0.018662036745354528	0.02239317216334008
0.017961632243298255	0.023250186739078794
0.018418961275118908	0.022015736667591986
0.017710102431035754	0.02294721374866342
0.018969169144311942	0.02212538263106798
0.017613801182280227	0.0228075642931627
0.018497253486669342	0.02192218233811267
0.017707944787357183	0.022628391845224978
0.018696792069796422	0.022022416606015296
0.017373653219670007	0.022649808037304493
0.018254274964356065	0.021853474194669688
0.017651555752635596	0.022375921434191624
0.018238688240387903	0.021460764389375775
0.017654048937734187	0.022228739484989376
0.018040379373211696	0.022166096430399067
0.017074164581178827	0.02212751425005602
0.01832335114099433	0.021933239460243035
0.018001560402366737	0.022197824182239794
0.017978415974610057	0.022196981841843114
0.017588138752677875	0.021198273334349906
0.017539944323601352	0.0220380862895111
0.018290696811407083	0.02144937988667355
0.017713611389724535	0.022108884188707104
0.017647228387748216	0.021470230742413794
0.017085301023424565	0.02221354606069534
0.01807958771555366	0.02129605006636323
0.017314383474284743	0.02214991735055556
0.017766393770036724	0.021272979401857243
0.016930118392634388	0.021872812996129174
0.01792497724542727	0.020889114501313536
0.0166961917009047	0.02182227886502035
0.018283471541011426	0.02113018095751764
0.017138725980058174	0.021667006499042574
0.017664908433383232	0.0209517177747185
0.016840375125338636	0.021868502384447024
0.017472655978078594	0.02116135417151582
0.016930625704380413	0.021305663640214516
0.017513220013561103	0.02108131815013379
0.016738256231567526	0.02133247216906065
0.01759349429678991	0.02130738027556231
0.01686065334696686	0.020849058163861824
0.017089616350500183	0.020973942227284506
0.017034246436389556	0.02115593284413446
0.017228152097975125	0.020565582345585788
0.01721482249606872	0.02068833243141734
0.01674370154480502	0.021011569205929774
0.01714717046893676	0.02061090287061188
0.016413542126231206	0.02089428182206993
0.016813069091280924	0.020964453050875305
0.01659385853789082	0.020711059359581254
0.016610653798346742	0.020948443772995404
0.016559797119850717	0.02094311476437459
0.017085606728095445	0.02024221285266387
0.016572504773445063	0.020786000504885112
0.016664820093292433	0.020445292709833293
0.016575273543892436	0.020906164159362077
0.016505573283300497	0.020538711521799802
0.01612656886409017	0.02039725267528478
0.016518285544688954	0.0205002191775914
0.016451013081150462	0.020523916594758274
0.016638528481358852	0.020234811961692547
0.016462694369967192	0.020535606701772097
0.016309046736190484	0.02047550463945913
0.016752625910010338	0.01987391342683038
0.016340616854818073	0.020043866204519138
0.016634735854376536	0.019840590319825036
0.016507361265863642	0.020175704031995135
0.01631507694061341	0.019787878847440276
0.016276112895180564	0.019974740844751725
0.0163622097261162	0.02040583659914727
0.01598295932035219	0.020064196430145436
0.016011582564088685	0.020189339120956343
0.01635675937824101	0.019854160320933643
0.01630365411183936	0.01976864318646669
0.016087210148657334	0.019849985962507036
0.016188367677203868	0.020172225021585687
0.01602672251939885	0.019503451371578467
0.015554052384043542	0.019850601869193716
0.01637538618024579	0.01947037274405006
0.015893870837675766	0.019709279374342276
0.01634668148127844	0.019391187036908203
0.015485335515093507	0.019899031111370265
0.016425493702487994	0.01956958473881508
0.01586180524743252	0.01995695993833747
0.016354119860049043	0.01903504877827692
0.015315127833610394	0.019676155739909097
0.016324021584229794	0.019277783918899557
0.01537386186074665	0.019560741472178768
0.016400056167807212	0.0191864002278108
0.015292832657928312	0.019441190169476777
0.015941633114630215	0.0192233042545073
0.015439944011272341	0.019340487599313904
0.015644250739521706	0.01956283855481368
0.015478345191560905	0.01892674605601637
0.015633281801899983	0.019152312541506317
0.015531486743155319	0.01883473427521246
0.01567438945402598	0.01937816368527004
0.015585505937391516	0.019216958799728248
0.015432041047843398	0.01920721995493215
0.015437360311206752	0.018607766503832904
0.014935699598111401	0.019359324505197024
0.015741590301797104	0.018727791507451186
0.015088150383974812	0.0192034791809213
0.015860342611350994	0.018587254051711726
0.014809658911000273	0.019385129329713868
0.015724879503457984	0.018498189077228853
0.01484883864183095	0.019310755287192928
0.01560950574253801	0.01831378222429299
0.015033606816667426	0.018832384620769575
0.015412507336851577	0.01845543401461469
0.014598801630237907	0.01865217825187237
0.015462680357953965	0.01847582399484428
0.014662337987052576	0.01866498277759323
0.015454305969155872	0.018324517218639685
0.014601559421067662	0.018438232166273168
0.015328224710572734	0.018629886517427613
0.015040179859564943	0.018566829968596394
0.015059221337961299	0.018816744064207157
0.014699147049274903	0.018323804650607692
0.014880009468545893	0.01841640893419741
0.015079671457940418	0.01829077568482979
0.014840661856648006	0.01829917369654665
0.01516942700714822	0.018313776639662008
0.014315773380541224	0.018700267820013217
0.015280669396576222	0.018028367720784224
0.014307829500190876	0.018411442145201216
0.015049229311421341	0.017719310711311078
0.01435471822827753	0.018501345932966345
0.01513551582363555	0.01772730829939145
0.014145425524607624	0.018466725368396116
0.015119895269641723	0.01759658769040243
0.014436414368627987	0.018415935826702635
0.014755957970489536	0.017620212033225027
0.014373254867945866	0.018071161408991884
0.014544204609273824	0.017779719510462248
0.01420908961836408	0.018028066092231548
0.014432985058046573	0.017923418061430055
0.014372371996569407	0.017918746424284187
0.014476902244492267	0.017610498411600856
0.014346216461653799	0.017837352581742922
0.014594980385676696	0.017827239071534707
0.01428182130930642	0.01757083368561064
0.013945563802482505	0.017667416434674538
0.014458504797985636	0.017198172710938417
0.014162891105773729	0.01821157412021003
0.014540098566201577	0.017008544246794287
0.014125954890206856	0.017867589367916475
0.01449691698125915	0.017302547873969176
0.014046929991596669	0.01775488932425823
0.014468586449467998	0.017209339848375266
0.013884806201727974	0.017678951893958884
0.014185750277914723	0.017041626639875355
0.013665919569212452	0.01742758588218802
0.014232997792623827	0.017054239682644134
0.013644265475859634	0.017229125195842868
0.014504799840206282	0.016793281131316853
0.013987253814609675	0.017592153319093966
0.014436121337760906	0.01689860228131245
0.013762296545446095	0.01729372805049474
0.014132909577982624	0.017109226515416354
0.013508743293996105	0.01710741011306515
0.013992239545855038	0.017270824803365184
0.013659473617248924	0.01717659447741603
0.013626738599752044	0.017136182320170754
0.013652119821272395	0.016896450853487996
0.013484228939034892	0.016775074980075643
0.013936332638384693	0.017123983610217393
0.01323712254300824	0.01710004870672546
0.014016873359666253	0.0166156869973253
0.013584566061792801	0.0171913889554672
0.013796835970392034	0.016619532120704102
0.013211676251965301	0.016707010758139927
0.013816674878272966	0.01642880783452895
0.013379797990392076	0.016841774584784138
0.01367444087738444	0.016364433586982453
0.013229475514513677	0.016501408326232356
0.01386262296822528	0.016326440941579215
0.013310983226326813	0.01691687986675877
0.013712522030421937	0.016362419844424776
0.013252740579315053	0.016520478370601818
0.013406595647685305	0.016381833016695328
0.012874602277064065	0.01646429620905876
0.013693695497974768	0.016314660348067497
0.013048704164232018	0.01639414152130973
0.013386955809862077	0.016515521208802866
0.01315299934374899	0.016516896971776968
0.013092864264708601	0.016378246557245468
0.013323311159800672	0.016210452454337602
0.013428832182245201	0.016614316025730557
0.013021063401343791	0.015977779011117473
0.013529198603563332	0.016307266859317108
0.013437651816454248	0.015928497183164362
0.012890669184518169	0.016421552820746265
0.013556299639287986	0.01593749740673319
0.012736909710770704	0.016119866698887063
0.013024114526318653	0.015726240516487203
0.012878543866411787	0.0165187324977401
0.013584148203480872	0.01594759004023249
0.012828753442672567	0.01635346889343676
0.013641383269298712	0.016037696645734192
0.012649402694120501	0.015963474292428313
0.013506458339749162	0.01574017189629872
0.012712972860015544	0.016254430841992407
0.013382558835784633	0.01565988255533315
0.012537869188809045	0.015776335551296775
0.01295578947455419	0.01554195227040421
0.012436596477710473	0.01569501109481318
0.01309433593454348	0.01596183603205704
0.012867908250903391	0.015718973651925986
0.012894655493281554	0.015569171624620065
0.012300926684049031	0.01569317395182402
0.012892922754563758	0.015495978090651277
0.012618539081988078	0.015811337649445083
0.012375632415240501	0.015616108484702995
0.012914626602865334	0.015222831606560794
0.012535286835471674	0.015625093083249858
0.01299309275639567	0.014962345490459904
0.012109485772403547	0.015566020989615388
0.012862036005517713	0.01520564964841654
0.012380618368510832	0.01550758247361504
0.012804256717255174	0.015380692566579141
0.011861360514414861	0.015610674720120907
0.012575292059257693	0.015032312141511853
0.011910249310244276	0.015453548736598384
0.012851480802561892	0.015071069109457002
0.011985507474496466	0.01535096910489205
0.01310269136993332	0.014852397294229724
0.012109591804849062	0.015651784500259523
0.012273871018853012	0.015038204428824399
0.012084091700019298	0.015575723378586943
0.012744501150333449	0.01486716936496496
0.01223585761117445	0.015253889503970606
0.012838940916448039	0.015072152482995172
0.011894110835534138	0.015067306321269658
0.012637727593632252	0.01520141502581883
0.012162957470930366	0.014994632182899915
0.011946068607414442	0.015202432018959643
0.012388084742144303	0.014899139290409279
0.01220934970548482	0.014731968150720762
0.011988763199113045	0.01472133639263367
0.012127019739827476	0.015184646811842981
0.012123825578523968	0.014743925027364248
0.012058562640260775	0.015092548463629292
0.012348184357384441	0.014660264847751564
0.01160458415644362	0.0151589387563849
0.012260077170235353	0.014907766705938607
0.011722647840717642	0.01504505606274623
0.012139534897534773	0.014651811866559332
0.011497549469354653	0.014799009644867423
0.012061070095113056	0.014568941626359933
0.011532550627216776	0.014904968507648634
0.011990874029967877	0.01467222551566628
0.011343536255259058	0.014467234422369283
0.012064423037706322	0.014792789117088437
0.011777115703028451	0.014685647501964329
0.01208019531188352	0.01417269050802992
0.01124435709900261	0.014652399709791196
0.012060342629243723	0.014523877186852429
0.01128967584074803	0.014362645424926714
0.011840051861109197	0.014381042324871085
0.011797840263715541	0.014230110871512922
0.011991776413519364	0.01451977799312849
0.011621891153023577	0.014251847932163095
0.011831483674349628	0.0147898137227046
0.011312548635752272	0.014190108029710173
0.011784157951567452	0.014293174187882212
0.011960784063076981	0.014234154815216747
0.01166343868919519	0.014125132186080988
0.011866646396052472	0.014017108941338098
0.011413498749485428	0.014296012037108197
0.011701218378397979	0.013799131220673482
0.0115933513521902	0.014280202725488586
0.011726089024995239	0.013666620273593357
0.011146870237921117	0.01426370893271611
0.011675175182430372	0.013842851058748062
0.011413639231638403	0.014175079713029863
0.011495956632229748	0.013940874385137528
0.011058226142508877	0.01401650102531498
0.011660344243435377	0.014009576814455445
0.010951413796889659	0.014221009801170291
0.011773191611082843	0.0138807991710637
0.011041155028765313	0.01385229186998596
0.011477125228133128	0.013596375405961023
0.011384149517271177	0.013911832594896067
0.011343025658419539	0.013751631688164914
0.01122081045861357	0.013700196610866529
0.011272004152872037	0.013637561510727711
0.01159283908040432	0.013621176448152842
0.01111220777666784	0.014024263433154825
0.011188231990134679	0.01362522524412568
0.011281238868768336	0.014086479036114855
0.01123825149527018	0.013282871120283481
0.011028491537415322	0.013992362845300015
0.011307347039798537	0.013409004999738286
0.010613310798151336	0.013948528683900546
0.011214806236156814	0.013257357433307276
0.01068982787061967	0.013543486083661538
0.01121871131624397	0.01325939071649424
0.010885351381752466	0.01355574718494188
0.011146104719694731	0.013434831520264819
0.010866834355191823	0.01344951429970635
0.011126146904357388	0.013173105317989996
0.010466054878301125	0.01346708098128174
0.010835460714263246	0.012942090813314659
0.010909759259410077	0.013319796413583418
0.010688673525332381	0.013129385520722785
0.010692979598588654	0.013178356715261786
0.011041116013380939	0.012808668382485826
0.011034032160922625	0.01315978132432737
0.0108580045526129	0.013137465861869663
0.01017889328872478	0.013066859086113315
0.01072688414838727	0.012992853766147908
0.010267893504953421	0.013057541352092614
0.010191341317023865	0.013226253671356478
0.010834277714828564	0.013104712888376883
0.010580239318993592	0.013243166038437656
0.010829944139744477	0.013075880811049797
0.010494072617952382	0.013406122839521369
0.010852924550488308	0.012825081090786939
0.01024356049057977	0.013063664915051622
0.010860491673156648	0.012686043839354146
0.010295768050798869	0.013162726751362328
0.010694556676473501	0.012615550558356415
0.010175852399599013	0.01330455878080597
0.010854181579741376	0.012836673673439004
0.010111246196770896	0.012931398724727237
0.010845955109457545	0.012668240283243449
0.010203318505918933	0.013711044884904329
0.010782448149545786	0.012812865002927505
0.009962834338580119	0.012784181668324804
0.01049403744268828	0.012545125716914948
0.010127216380236687	0.012946447152532594
0.010480535645949448	0.01266910301731436
0.00998206220278816	0.012645487382450412
0.010201259689519092	0.01267232986354641
0.010407680246958722	0.012406547537719949
0.010264004870480905	0.012651085064258083
0.010445646194151949	0.012661717395587536
0.01037874010792698	0.01277312082450063
0.010352897076801768	0.012339878983840029
0.00969898157002786	0.01275046422024998
0.010684310500068593	0.012266074471460605
0.010045651141031467	0.013036875662459164
0.01040495156863024	0.012318037703852189
0.009607152894266164	0.012702445869696672
0.01029018105149758	0.012112738547939775
0.009447363115641354	0.012729289739759167
0.010695504857682558	0.011909699201246245
0.00955377170999619	0.012605781309674869
0.01042380526236276	0.012164851591111303
0.009562518925443086	0.012638190112916326
0.010444421395450161	0.012129809836821047
0.009602451271130873	0.012365090723895593
0.010468371510104695	0.012156077864348597
0.009606314412064432	0.012156999272127293
0.009495051360614102	0.01266987889343733
0.010485924833678767	0.012295021332760538
0.009856941727115329	0.01190177313755382
0.010095068465405706	0.011902630056278587
0.009932106732754875	0.012136903436740202
0.00986878499550257	0.011749342936150334
0.009812316898947987	0.012113468121949567
0.010133310776040285	0.011640747414864958
0.009222618671940073	0.01254568222701042
0.010159653523472756	0.011583750171277529
0.009395468582706163	0.012395421900015163
0.010149309965903075	0.011736912809988561
0.009571379412208996	0.012361805300748588
0.009863614648549736	0.011411209133731214
0.009340088277362704	0.01219422223389549
0.009731695841995444	0.011525561682972826
0.00916860068998844	0.012236515373394558
0.010066541944823584	0.01161248085116736
0.008706763975070465	0.012111515060508513
0.009756956241296489	0.011666058683712979
0.00918619110447674	0.012081160369980193
0.010052950532447258	0.011413278430735044
0.00946926873866092	0.011926065329379523
0.009392536178259345	0.011955707661946497
0.009050669122172571	0.011506749471923592
0.009808902390071645	0.011366492893899512
0.009337503168888851	0.01178727708182455
0.009500286978912087	0.011202295250978336
0.009097855134662429	0.011466077965732761
0.00935409068711687	0.011685045718462907
0.00972639643077012	0.011338304258050684
0.009082245743186708	0.011859418476961477
0.00918983659718146	0.011394039644932616
0.009210866864521924	0.011638221908116891
0.009497195556244368	0.011585273877596143
0.009237624594982634	0.011373864121758505
0.00962423242997985	0.011050164041474665
0.00906799398225962	0.011725998865739246
0.009442044534924934	0.01123913927679337
0.008827318888120547	0.011457737746635385
0.009213015193768055	0.010914547146245644
0.009353818178383391	0.01142916567933453
0.009558027137889145	0.010905938685901007
0.009029787599052446	0.011591662319988694
0.009458574062135513	0.011061940408977742
0.008838608716580485	0.011052039415786077
0.009446492841919282	0.01097580530909642
0.008871675823370697	0.011119436347140783
0.009076335189117777	0.011227669981432407
0.009082355337607413	0.011243077036091528
0.009255529357588917	0.0113286892614682
0.008793843087862342	0.010868273268686853
0.008942204620141808	0.011065752662777182
0.009149885177926016	0.011263484561411824
0.008734570033601462	0.011218865103299752
0.009186674537981741	0.011472561924751407
0.008863751970869261	0.011025807962513692
0.009333533326596175	0.010955833068213008
0.009166617217351538	0.010904654800018232
0.009506694130119755	0.010820691114662748
0.00896754429676583	0.011218721540682456
0.008975711875572147	0.010722029025858372
0.008556061545682963	0.011384343650614151
0.00919582352283524	0.010877032747437567
0.008551129450332793	0.01103708350496267
0.009201666078656917	0.010496839480585506
0.008703185968321162	0.010834118453788146
0.009058540678679748	0.01080186803565389
0.008581050168405388	0.01076850385464024
0.008819600672721388	0.010729105751613621
0.009145738981573417	0.010852368224510633
0.008973112208391648	0.011005856739357835
0.008816112910442006	0.01075623500262569
0.008731552324987402	0.010897898993529581
0.008602327326346474	0.01085179214985538
0.00881924714014722	0.010633290296208577
0.008953060670006271	0.010680183400993205
0.008555159517177939	0.010873606980813862
0.008431583940779025	0.010653398083022769
0.008389836234815807	0.010565097799556307
0.008576175385029828	0.010323357566100031
0.00835913510535539	0.010912437271742197
0.008840072192442946	0.010393483827699092
0.008530543949030711	0.010915765522507828
0.008916370630170301	0.010459650673950622
0.008350535469547463	0.010521198729529998
0.008738110547464336	0.010362611834954657
0.008661193937332381	0.010573798815436523
0.00878990671851388	0.0103587253041719
0.00853861703561053	0.010768600948432468
0.008541922003822687	0.010592606053500651
0.008219550143771457	0.010565180984389237
0.008634300768965162	0.01015879476215382
0.00847642816059632	0.010487552861323017
0.008477045276817037	0.010360554200290929
0.008344403007259102	0.010364453112294909
0.00821601259471393	0.010456874983721803
0.008259391200183475	0.010046394200064502
0.008418760084197827	0.01026469736170333
0.008013597331514216	0.010114123121802817
0.008464512012400838	0.010102344054335594
0.008207004763292043	0.010361198547021567
0.008132298447526746	0.010367919472493997
0.00850319240263609	0.010024555851891208
0.008233153965965625	0.010209778895114692
0.008200641592448767	0.01040492754027572
0.008219684108450608	0.010762557064849933
0.008271544876712035	0.009661049682703019
0.007453389343835671	0.010632550543504402
0.008608609440755382	0.009980042398625068
0.008148198551947245	0.010142895201147473
0.00774616627930461	0.009974869752215733
0.007874052909021136	0.009942525887475582
0.008432692926440336	0.009859802057284078
0.008007236874060615	0.010081293778548241
0.008533627327340107	0.010121802865214583
0.007807109078262616	0.010156425337379711
0.008239527893112492	0.009902887028655957
0.007594585747917945	0.00994725980295244
0.00777762536946342	0.00988275881234859
0.00782704341906592	0.009959355033382121
0.008184167067638661	0.009716968352105327
0.008090874690705654	0.009784288762601588
0.007869777708393486	0.009677612144114797
0.007503142636899516	0.009628883472916364
0.008008239481589649	0.009825239322004792
0.007828980515241002	0.009689367122891323
0.00782344457103856	0.009972538644898053
0.00799702789655168	0.009642710564785205
0.007796503432361747	0.009843973020685211
0.008123877661112042	0.009427117652253248
0.007793019853465271	0.009808485855391444
0.008127373081322846	0.009581900005047932
0.007829873669051874	0.009909002982037
0.007994993824095466	0.009490736209994266
0.008103893395092336	0.01002910115065747
0.00792847622654093	0.009425259365310676
0.007876030714314537	0.009658661076872908
0.007572725956452283	0.00948477613172513
0.00786815371498718	0.009479049402586797
0.008021712504790111	0.009835385966699703
0.007797432690899631	0.00958641066196443
0.007658585180245999	0.009650167165095338
0.007648556196665294	0.009646038789908443
0.007821761906867456	0.009287697092003102
0.0072219392807958615	0.009718886821920441
0.00790389613445283	0.009603075284731904
0.007707483453224274	0.009425645081169795
0.007967788748615527	0.009440321928904764
0.0075996534557740865	0.009887349701369903
0.00773061421886809	0.009700732033704867
0.007635772276918769	0.009473428535792099
0.007651804735786111	0.009509788664157626
0.0074522673164501806	0.009478622886623324
0.007816921428075864	0.009758149362037937
0.007620430527358793	0.009550179886046384
0.0073551079187137	0.009391883809419934
0.007589256903594601	0.008961368289973301
0.007618025464978246	0.009623721598250829
0.007985881627125387	0.009203320520414329
0.007255473099680739	0.009380055808407083
0.007717634009516298	0.009152025693638441
0.0074241041025530224	0.009128861651052223
0.007803988119675582	0.009187987079535392
0.007363081092169797	0.008840535458206638
0.00786209620138329	0.009035755898610267
0.007042678990642304	0.009306799696407247
0.007704301771135427	0.009353915198797262
0.007207987191517023	0.00941240014777436
0.007480994634777256	0.008915258729231294
0.00750069127610411	0.009051127786730562
0.007337093584243704	0.009364041534057342
0.0069480078631395156	0.009016439841342823
0.0074753171974832715	0.008731418747409903
0.007367430087628802	0.009110377174674174
0.007299783982037122	0.008971735294612994
0.0073767476445751115	0.009047107918889654
0.007423447535966948	0.009040390202540105
0.007276150742190526	0.00914489767110998
0.007324489307031815	0.008892634468940635
0.00725248593793192	0.008583127885807831
0.006992929524310378	0.008806047422700929
0.0073610618545485946	0.008639343645182164
0.007090925479571431	0.009010727869417584
0.007058816277975024	0.008970177088509616
0.0070569616096410595	0.00890160238560644
0.0071407812452494186	0.008889241559283216
0.006922903505225939	0.009025892488978183
0.007587688488629757	0.008653491189166874
0.007130335361464987	0.00891053470076515
0.0072672677393096794	0.00864088434254931
0.007075211491394771	0.00845959319875354
0.007370851713343467	0.009180181246250762
0.006672056501600727	0.008836799587400317
0.007102539042680567	0.008406954137786624
0.00726369575707866	0.008700334431868588
0.007250619001368949	0.008149092840027149
0.0069002056742372515	0.009035974656189466
0.0069658611150470165	0.009088682249272027
0.006970226772641913	0.008808375043406319
0.007083239207242209	0.008313831177516523
0.006843135473335219	0.008352203308164307
0.0072536579012016204	0.008781084969834563
0.007151665286051585	0.008891007189917597
0.007076210445095949	0.008568064114040925
0.007014940772373392	0.008611348076792086
0.006767685873912795	0.00884796053018082
0.006884463904884726	0.008694042258427558
0.006770493778120316	0.008656941398610169
0.006961668218966635	0.007963898784611284
0.006770783395165061	0.008552601345770726
0.00714490565799382	0.008337690696839099
0.006885742331722262	0.008548815864109447
0.006903804365209276	0.008284480879498764
0.006797791836011899	0.008547230039677386
0.006823027421367898	0.008231397270404785
0.006728052925903482	0.008388057731199248
0.006860531473682619	0.008370126873954463
0.006448331768736382	0.0084144022854679
0.006779763414812252	0.00863804460205704
0.006949054800806614	0.007878988228064116
0.006742796172550876	0.00821459734478847
0.006463020898744421	0.00835955444142847
0.00658231065693069	0.008385667752227292
0.006424884325371713	0.008544069726381592
0.0066897224398753405	0.008123071669233019
0.006795926304174015	0.008237307272022147
0.006555963903023998	0.008290819763923402
0.006788659694694003	0.008035205814660697
0.0067773138402456475	0.008558677411053766
0.0068081904989339284	0.008114054134647332
0.006268179535282283	0.00797630334632289
0.006669799308632553	0.007993524610293321
0.00655083250054874	0.00864223178673601
0.006893962722611047	0.008172762793753518
0.006434066250002072	0.00841481378965075
0.00668969448817212	0.008285899089300622
0.0065645695971215424	0.008424053803409425
0.006575679434004843	0.007997602328417574
0.006266820184832787	0.008057536492284334
0.006580313124113773	0.008207397225427607
0.006583806634048344	0.008034342885124892
0.006512305353433699	0.008116880511685916
0.006544652785677813	0.008096373196710879
0.00650048229846872	0.008120840502307996
0.006503358908489423	0.008008916288624282
0.006804644634912407	0.008190603690937728
0.006479176404773487	0.008091977430805156
0.006488343562613191	0.007998825973922149
0.006517220733106634	0.007984950850479863
0.006069576821437875	0.0074921520354949995
0.0063738669943053956	0.007853622506504156
0.006358783639424424	0.00814859604803662
0.005959892634167897	0.007305633479112954
0.00669171719152583	0.00754309229399111
0.006310404105399985	0.007874873798348501
0.006183859236470469	0.007842543616217433
0.006075827341377176	0.007875943377430717
0.006241493417584867	0.00766875331533849
0.006295365110988389	0.007333747678625416
0.006452088688239037	0.00769746945011668
0.00653346756591696	0.007733327248144694
0.006021660064717999	0.007720672249821624
0.0062703798479089145	0.007778543762793474
0.006396396075301954	0.007897027111694831
0.006142301962980756	0.007548861192902115
0.006052035039963927	0.007699160180926395
0.006240435260144091	0.007547243872397481
0.006015051395596228	0.0076795322259936745
0.006360216129174753	0.007284236438795165
0.006316246288524316	0.007686718017548081
0.006231617551481866	0.007591428348237316
0.005791201908587128	0.007610610013051645
0.006290060728608449	0.007895509928112259
0.006125546013233234	0.007802064882041998
0.006257182246956889	0.007425288190553925
0.006233172084579309	0.00760614131148196
0.0061215120412444705	0.007598588250387014
0.0063213291648598	0.007479115946488744
0.006141475587149563	0.007540617723255593
0.0064201082999657865	0.007473633027225543
0.005802297077887768	0.007699507343004506
0.006046563326932187	0.007363451875781496
0.006124096496644101	0.007748184454564152
0.006098800460468609	0.007300318575018554
0.005987836498244148	0.007636601076467195
0.005833304895956383	0.007459002604614695
0.00591817714531403	0.0072571929044616505
0.00610408859954863	0.007414607201267967
0.00560562318583069	0.007546695432071102
0.006270833001016462	0.007503522955306884
0.0058128847463409	0.007428716395148204
0.006108645906425997	0.007153892837437606
0.005934049821213225	0.007413545621202832
0.005746926222478684	0.00719736855678375
0.00582179621991385	0.007477258243436079
0.00578229371040159	0.007123708464556829
0.005704617614468624	0.007510381937501095
0.006076065961945072	0.007236933472931731
0.0057671770815504505	0.007554445350040801
0.00596082824946276	0.007330843299047706
0.005677609619846291	0.007417203357350737
0.005899109726462629	0.007289252611977986
0.005927743604906129	0.007065451668703203
0.006085866944719735	0.007214050277113481
0.005808468456605576	0.007175517099245526
0.005923815053267599	0.007224937431686653
0.005600025627061001	0.007415804056846621
0.005699834053463412	0.007289774051448917
0.005432595231345724	0.0069897420425458255
0.005778087370523518	0.0073439896340635955
0.0058116586189954425	0.007036517611635917
0.0055772366025104185	0.007106003915389885
0.005786096456919208	0.007079040671465338
0.0055662516625612736	0.006794021758175962
0.005524661798462626	0.007225355858376438
0.0059768248031816865	0.007077952387780827
0.005611667689173771	0.006926603485673224
0.005580991381854861	0.007297020218269216
0.0058030854769248914	0.007149453592190473
0.005395763374918635	0.006949408029875745
0.005525816744820843	0.006706311696678371
0.005630914303199343	0.006947055533332229
0.005671606237077926	0.006844815338218329
0.005722660693259533	0.006975824467339152
0.005254644665998939	0.006929691485741752
0.005610133630761928	0.006951948247206824
0.005628900310112904	0.007042000711469148
0.005380845377733224	0.007000706596902887
0.0055598456613547495	0.0071164975378255795
0.005073190992665075	0.006850260698622338
0.005720789893342758	0.0066946498746751504
0.005417370502726104	0.006930400822998094
0.005601172290651102	0.006713089554123157
0.005334743926973965	0.00665258780112666
0.005703743692663367	0.006967421856250966
0.005590440640927127	0.00702912036863077
0.005974996458968154	0.00660579903514792
0.005438756529643309	0.0069421925981828815
0.005483602376789664	0.006471400366494634
0.005798914767825407	0.006607463362159664
0.005377458486379356	0.006582845436495255
0.005513394766232998	0.006694190928020404
0.004925381953955417	0.006606298531693665
0.005290180516016516	0.006513629349214945
0.005175583241040442	0.00659216578044
0.00510833367559031	0.0066580327536575196
0.005576800446142766	0.006792926378427987
0.005373418327506917	0.006413877008514754
0.005125723861194608	0.006926460350727392
0.005598784671287114	0.0063582651786777454
0.005306212429031267	0.006805759696290837
0.005536124157505776	0.006591957492358555
0.005033342816660516	0.00672230048569756
0.005214745758025817	0.006340182645847684
0.0053529252581959634	0.006475078992134248
0.005229649158453926	0.006431805563068619
0.005456684408308912	0.006705352397523489
0.005181786992321245	0.006236017698023132
0.005237981131874555	0.00647889264413103
0.005425672322016792	0.0068743408647392755
0.004913297627556349	0.006758065642736855
0.005450080714622054	0.006344423347667759
0.00518048717145233	0.00638398140971907
0.005202002382463151	0.006491355320973257
0.004977951230293744	0.0063767790886399885
0.00522818122328443	0.006470468262269522
0.005494733459395	0.0064641833066824625
0.005053012556253389	0.006291536614803528
0.0054013486472762875	0.006534251911515172
0.004983463318656101	0.006500819560266925
0.005137504888432954	0.006130405775572089
0.00523198241951468	0.0065055499874050755
0.005064742882626628	0.006570327377770803
0.005195729658928435	0.0066179340363717335
0.005213768704222473	0.0062381359142107415
0.005369365890389108	0.006598422646731883
0.005515166411377756	0.00627767741811657
0.004887280222098027	0.006278132551499537
0.005313024107406962	0.006200910093585945
0.005125917102702538	0.006542921755461164
0.005461930005729697	0.006104950814882347
0.0051669760830937335	0.0063668183843276615
0.005306129893664458	0.006168066416136731
0.005199885414727859	0.006128427443267951
0.004796365953273014	0.0061473412860775425
0.005212089129618093	0.006467872489916598
0.005134934470381406	0.006263541206492155
0.005030945624077729	0.005928087774735604
0.005079904550305839	0.006350723949606018
0.005203028016070867	0.006210263004860703
0.005202739652604481	0.006280677964927279
0.005116591376540427	0.006064080716393635
0.004740961052485225	0.00615241302415927
0.005112672051663309	0.006173861941558323
0.004673042000563109	0.0064801039144218855
0.004935695085353429	0.006241560808424949
0.0051853634755266685	0.005892597548392495
0.004959289028800281	0.006034516978470588
0.0048758575193184545	0.005963999063182666
0.0051041163882353914	0.006137069382049768
0.004598963091870364	0.006073739042695519
0.004971804959615893	0.006095584380054954
0.004981284210816689	0.005702666448697267
0.0049933330951164485	0.005736222098496491
0.004759817084588739	0.005942961914001179
0.00489183646348543	0.006217581089008069
0.004548546345224041	0.00573464856141143
0.005058520911794307	0.006270071005675773
0.0046639862772372455	0.005874774816171226
0.004443482719472254	0.006146667536244673
0.004730861992104583	0.005991641880523563
0.004647399999296496	0.005982166548883584
0.004793507359455125	0.005912685181000913
0.0042844161537439526	0.006091802569164566
0.004962302457245348	0.006228618626526395
0.004713894500665422	0.006254503877390221
0.004824708441235832	0.005902626874986098
0.004529398999058113	0.006039107021148334
0.004465092966404652	0.005776568455273578
0.005025661629579475	0.005957425479938647
0.004702910566536878	0.005789073957161649
0.0047478524413428	0.006005937467415175
0.004854740662976773	0.005840220039313348
0.004650387663275781	0.0058814431666050215
0.004878631796019936	0.005725212086054424
0.004561673192844956	0.005904329470752336
0.0050840968178521954	0.00573523805621778
0.004455602043033386	0.005781818244330371
0.004558622990639603	0.005952120946674528
0.00458703664902613	0.005660491143159461
0.004907824510509825	0.005792787839022936
0.004626625887329019	0.005704161203219439
0.004500571368624454	0.005957592868950236
0.004658308481942281	0.0055921397325369784
0.004358659559314511	0.005844736394813181
0.004420626744411728	0.005705601293953967
0.0044754266905023925	0.0055701001427359625
0.004590085324798847	0.005449187463995322
0.004449438648662143	0.005808584371680829
0.004485100373612968	0.005688562544204744
0.004509667059453124	0.006078332124915559
0.004564891790600595	0.005616994677458659
0.0045349635563696235	0.005660917776341654
0.004449862726936053	0.005502853411163147
0.0043660979981493	0.005692702584956694
0.00432964104229582	0.005695721553248866
0.0043160102458594295	0.005677620562868017
0.004683008290794893	0.0054600788475116045
0.004375912245904407	0.005972231738683243
0.004594671118337868	0.005604837762251759
0.0046615855220879885	0.005757180304127602
0.004511787505569331	0.005603012196918954
0.004455589501626571	0.0054363750283093785
0.004656229652306913	0.005566165799262774
0.004175108322779439	0.005577371159117682
0.004528613117467332	0.005336611214973934
0.004267959420665033	0.005420015643772664
0.004438694594657008	0.005681181348234989
0.004452946043187787	0.005435780952096657
0.00462262253596081	0.005795860490800767
0.0042436072693109	0.005480050597766484
0.004328194167072679	0.00526629483923362
0.004410152974942507	0.005409678806935166
0.004450170254817889	0.005517746048976233
0.004497891389951177	0.005458767647534228
0.004853855132763435	0.0057111942540792535
0.0044349290268288636	0.005235950540228809
0.004226012004151632	0.005492975269893471
0.004572638111405687	0.0053124372781192765
0.004124052088380343	0.0055304354415200785
0.004561823507861706	0.005627924200277716
0.004676362347826306	0.005386396285867925
0.004530796898846947	0.005385102509501026
0.004172729432659742	0.005329092340313284
0.004150651648289431	0.005316298058316796
0.004398485915538157	0.005384461665888198
0.004390150577998266	0.005463533185047002
0.004272096503041375	0.005110877115224463
0.0042449939828802215	0.005090002427503593
0.003996962082778908	0.005224300637350715
0.004209065336724958	0.0051881120705724385
0.0041403256746635	0.005270628966884014
0.004256965782133661	0.0051228939204952416
0.00445915852800669	0.005440206469877845
0.004051151395986602	0.0055808850917274805
0.004330942099011061	0.005191566450087669
0.004448788916233279	0.00508912960715406
0.0044540712849758125	0.005238685469352538
0.0037947354163930178	0.005522115313941421
0.004354052148438231	0.0049057225594617
0.0046044154812871635	0.004913960742821057
0.0042970759001431215	0.005465432716887135
0.0037926092882174427	0.0050801799944463644
0.003993452953638114	0.005139832156741925
0.004051704558471069	0.005141657698622636
0.0038471717400013986	0.0049292577970227215
0.003991951930864433	0.005138479786122401
0.0038613467891345115	0.004853943819813594
0.004373456560025472	0.004951138469323049
0.004506943601124986	0.004819012877770346
0.003924353666705749	0.005187059300210215
0.004224101368526108	0.005208207545441985
0.003822733724638965	0.005363025176307527
0.003862469343938207	0.005016979536592582
0.003898955865765508	0.004939733727038538
0.0035847518300068854	0.00508545001075833
0.004232668842626038	0.005331604851974117
0.003961761875882996	0.005220688430007372
0.0040591697830564925	0.005371431562207222
0.004188830465742905	0.005312286134426348
0.003992051923728702	0.005247578511379632
0.003778040715083162	0.005224411210954644
0.003950208323154038	0.005083276690620799
0.004054197156134448	0.004653336514443298
0.0043950161544064285	0.005113675082210509
0.0038553739161195128	0.005411541048224521
0.003941438048425524	0.004819347978749302
0.003628036820841406	0.004884549838214426
0.003959961294407713	0.004435316181453225
0.0038076361674690418	0.0053297258964913885
0.003957661459475211	0.005114815417726685
0.00426060580021142	0.005194812842439727
0.0042067323889056095	0.005272156339385916
0.0037584444942530466	0.004697259466734274
0.003988597101401351	0.005015968386634063
0.004248982793167446	0.0047734853052355695
0.003898223287330697	0.005116264676740905
0.004043457816675257	0.004833689387851713
0.004014129266582808	0.0045711437010015465
0.003793038703439763	0.0049974751413410295
0.00412538056257598	0.004969453085468562
0.004008972130427814	0.004557656183376435
0.0043060246113990975	0.004610799427586761
0.003922882523415567	0.00500244043694054
0.004114907386387159	0.004942718551493264
0.0038264407200890344	0.005024507084202588
0.003771457850149879	0.004795812003306523
0.00411791493628689	0.005141320770095007
0.0038623979110720386	0.004950453578401523
0.003850005179030503	0.004635644419798515
0.003724997468797092	0.004630813155418679
0.004010492398425483	0.0049175535112600316
0.003732182730498231	0.005042262522639829
0.004000942677463732	0.004553808609239291
0.0036836032161273076	0.004997028344743008
0.0037543633324414196	0.004776510407448641
0.003380541249500123	0.004777060545410187
0.0038393066340372435	0.004713627541872876
0.003915125954303483	0.004870697251261304
0.004032563207883061	0.005000225159478696
0.003390409537566353	0.004572504989109002
0.003596834389511681	0.004728022028695335
0.0039058149079534716	0.00493520088264288
0.0038420437061541884	0.004462746959694218
0.0039034013419763816	0.004648457369669081
0.0039077022061207315	0.004521928547893976
0.0038942774762313693	0.004567471576339695
0.0038633885818585485	0.004642534857860197
0.003764366102687802	0.004337315588235341
0.003848549207937948	0.004771121153648522
0.0035718055417197307	0.004450710538782252
0.0034966442192796215	0.004465461129115577
0.003729875079663092	0.004683524027568909
0.0036693875328719125	0.00479628893231224
0.0035485516539637036	0.004535453990350859
0.0033930160620075913	0.0044845450697651185
0.003677625951361533	0.004451449587711673
0.003587937058961178	0.004268217295209136
0.003713256812004383	0.004637370450770311
0.003822564493054151	0.004744825794200768
0.0039610068067703515	0.004717808884534189
0.0036947022887145456	0.00429486417237642
0.0036587788324538677	0.004495436027166934
0.003462917256751075	0.004484465811867987
0.0037132334435883685	0.004543756208882959
0.0036578060603124963	0.004715192812940877
0.0036172879719133296	0.004397103075086348
0.003643649196380037	0.004581513724529726
0.00369213274012427	0.004390782748519761
0.0034359595413517284	0.004407120911215011
0.0035058019577937985	0.004467239449064208
0.0037052656308515534	0.0044112990424731045
0.0034983506428110612	0.004475040353626985
0.0037796127069008876	0.004289365819432324
0.003697697863115709	0.00453193702393627
0.0033888669494423363	0.004628691220902969
0.0036508073190506495	0.00462709764615582
0.0041064307771831714	0.004143266423451371
0.003706130395729249	0.00459714089061151
0.0031465516725549224	0.004510177915490926
0.0035103063951392225	0.00450375055675451
0.003616471376911023	0.004780676712642017
0.0033668281186062933	0.0044839777997716275
0.003735051976261814	0.004510963100899051
0.00336793328124596	0.004396153542056162
0.0035833623158082984	0.004617039497388746
0.003549326937295346	0.004445530736281166
0.0033989226523226447	0.004343828439616007
0.0037530893656762014	0.004274965844197058
0.003701123261737283	0.0040483879522266565
0.003072919327827242	0.004352763728000125
0.0036433610194824073	0.0038480860762018275
0.0031054634771313285	0.00405858761748103
0.0035673410336283596	0.004317393335005612
0.0034830455596694945	0.0041347244604565785
0.0033546538098346815	0.004183694733997816
0.0030983981483285383	0.003982217392430442
0.003175597454537846	0.004063538678263638
0.0033445243343515137	0.004095556460719417
0.00336320252058485	0.004336525238283954
0.003296356823283591	0.004230593336828021
0.003122007147657901	0.004148697643900766
0.003023395756871127	0.004224036805425039
0.003453787079860619	0.004434010790853255
0.003079219295720969	0.00392219442463078
0.0029449208082133714	0.003932347829717469
0.003394062449626109	0.003966696997681206
0.0034275001188506147	0.00420262375190604
0.00327317947001402	0.00432748822097364
0.003467868100826864	0.004291963243178887
0.0032987085789602886	0.004148852598783964
0.0032379473674219836	0.0042489337640171584
0.0035285253898226523	0.0041790504519664
0.0032605544221301227	0.004325576718588448
0.0037140285233950867	0.00404237346008912
0.0034601845037564743	0.004446350909993948
0.0031891189152013087	0.0040525306946424715
0.0031349225033598894	0.004233595588645319
0.003384033877709254	0.004015947183851648
0.0032912377026359293	0.003999314785999512
0.003257035354520315	0.004054492182232909
0.0031503412448638454	0.0038351204867363925
0.0033080931382758107	0.003939786152581968
0.0032987107348888506	0.004188156716041741
0.003220377334818651	0.004165173053610266
0.003238650127518273	0.0039656358557288215
0.002994732140216774	0.00420856383741509
0.003162686463777613	0.004076833738287164
0.003303194406638464	0.0042695707694762166
0.0029392838197605377	0.004099246562941914
0.0030338090926098652	0.0040225507243689595
0.003451855531258108	0.004109857725554622
0.003167660797288599	0.004058476281591068
0.0032623294528089804	0.004051020216046726
0.0032517371632943557	0.0041738084927688095
0.003314126079817934	0.004108785058408153
0.0031141854550594365	0.004121897201086535
0.002770077066437295	0.004099490316406395
0.003068470004420817	0.004323701331461674
0.003473589083009606	0.0038745035271789286
0.0032531735311712114	0.003679356270134731
0.0033454612821945443	0.0038577515393748937
0.003623494262448008	0.004049970715122101
0.0028934830227842325	0.003612733655846869
0.0029198616732565605	0.004240852041368377
0.003022523782813541	0.0041945302574179465
0.003264319490284112	0.00394133063218363
0.0030900404790480266	0.003856642999760565
0.0029373078070048407	0.003862802751837422
0.003377252145547496	0.0038051285345815943
0.00309438643654968	0.0038751221751809287
0.0031850307523349623	0.003919658156519484
0.0030783663366631383	0.004017256299115414
0.0028999545794383603	0.0037447685409827485
0.003041503460039516	0.003682015114160273
0.0030052724511042553	0.003952339980592773
0.0031806937298691947	0.003498903768032724
0.0026133570805731165	0.004033249105987167
0.002879793246514319	0.003543070297528783
0.0028273328947436838	0.0038860848739592623
0.003170250785663949	0.0035799426861510835
0.002989498158792665	0.003594722361689791
0.003124247133711106	0.003930039724132897
0.0031609248980113895	0.0036356073381984787
0.0032271268981493894	0.004030392587685422
0.002990121618311948	0.0034567485417041867
0.00288202289110123	0.0035782367970372472
0.002749869340417814	0.003863016998992944
0.0030328944850109224	0.0037679949801142022
0.002822911332109697	0.0037347847115869227
0.003241449078646807	0.003436465735218301
0.0028339200593833734	0.0036900504724562844
0.003166937495158325	0.0036428608739978723
0.0031798415425730213	0.0037475613106966493
0.002902214060669152	0.0036281343401388623
0.002863360638805414	0.003996433672894684
0.0032054436459938345	0.0037261815810954876
0.0026524015116698553	0.003712154283583659
0.0030810564923272085	0.003770519390222076
0.0029148522124030456	0.003571556252509612
0.003175066081273165	0.0037991163359375286
0.0032380053193441184	0.003381464543449377
0.0026556940295781478	0.0038998597613437015
0.0029062600143182136	0.003666635173935439
0.0031566165146602715	0.003752148714530255
0.0027718108834250896	0.003638500808844663
0.0028417187270815864	0.0035059222677554487
0.003213932056222598	0.0034770557775547616
0.0027274212801296025	0.0033169550640043534
0.002863174770482576	0.0033888009276453195
0.0029141129614503767	0.003701787478079555
0.0027368061591524044	0.0037925573001210185
0.003083934811846767	0.0035810602466642065
0.003019272210684872	0.0038859598966735865
0.002953087373400632	0.003537676031437751
0.002840894866596529	0.0037488768818337535
0.00293420288574139	0.003411946846135026
0.0028609403785112004	0.003632203313115664
0.0028821295889874	0.003620693269214141
0.0028793428808359957	0.003650231652547748
0.0028722657369414134	0.0035703723862526337
0.0026833369304972796	0.003571281488960299
0.0029760050082018887	0.0035769534458762672
0.0028266326315759182	0.00333901586076895
0.0027645226209113438	0.0036102178246907525
0.0032475257513872083	0.003634396632289235
0.003041649846440957	0.0038361099649076667
0.0027584946790051856	0.0035627227436163082
0.002680435240393152	0.0034403500587554
0.0028070678089533855	0.003558571776071401
0.0025973622386473503	0.0033088817487782907
0.003076837048389169	0.003844354101994478
0.0025895439341512595	0.0034510727375840497
0.002826526336768184	0.0036929987689551086
0.002866874283506291	0.0035674663621097697
0.002592834325124559	0.003453136532997342
0.0030881269986229483	0.0036555921810592275
0.0027246977364795196	0.0036034461241883633
0.002759903427398582	0.0032961862320056773
0.0025842990732747526	0.0032823908374161586
0.0024579527118027984	0.003352319325065814
0.0024632939697429505	0.0036793402657072614
0.002653655839997185	0.0037596322605780766
0.002776788430960654	0.003271749239115519
0.0029208308410702197	0.0034699981329141334
0.003023935576424229	0.003766491346547104
0.002805759960817592	0.0036961605169950327
0.0023270582446360006	0.0035364851542995213
0.002684042088663282	0.003540857397048325
0.002896250578187381	0.003275931899514644
0.002825139495015835	0.0032825182968341683
0.0027897050848242613	0.0030742400444235345
0.002624351579075182	0.0035203409663497683
0.002895160573199943	0.003262731392588005
0.0026329228120023866	0.0030914185714657773
0.002915600059903023	0.0034055324805498293
0.002201686623711805	0.0034794413397002347
0.003133294446128397	0.00355700478861244
0.0027015065427597527	0.003625789149273014
0.002788663022863161	0.003588828453949688
0.0026798876330762587	0.0032718511749640126
0.0027885246514711736	0.0031161249470093104
0.002268003727461115	0.0035832458589274935
0.0023877401709989417	0.0034381772222586413
0.0025727115343505483	0.0031229877543862495
0.0027818741180523363	0.003150383263705072
0.0023578976037529997	0.0030679542645344277
0.0025753953703705275	0.0032593620013225935
0.0024079063849533405	0.0035080132391233886
0.0028634011711552395	0.003462979717975374
0.002694711154342278	0.0032163243064966115
0.0024454455208805493	0.0034018866518420315
0.0025106104596962484	0.003141451142821018
0.00264628167979818	0.003353084200869223
0.002872962208797085	0.0029319155271470324
0.002634939347296378	0.003208024397633352
0.002745904765249512	0.0033902300005873506
0.0026445679331069463	0.003178317950000659
0.0023865311567973367	0.0030159885159496466
0.0025571314670346425	0.003142313063522846
0.002582764066174098	0.0032319134587616765
0.002225947141837032	0.0032130609517677573
0.002538414679484136	0.003224545000679881
0.0026857462578857173	0.0033601380693836077
0.0027087040236426826	0.0028316222816573526
0.002575304518475774	0.0031220908242687354
0.0025987140853997426	0.003271616947422483
0.002533719584987417	0.0029596463505434083
0.0027262064249195953	0.0032953021158343295
0.002132237135861666	0.003228884576417757
0.0022746532782078883	0.0030959679559683442
0.0025745604931433005	0.0031858767556979615
0.0021533149550952363	0.002816697938289524
0.0024137012343704834	0.0031961899450845964
0.002388447571190986	0.003156290091551585
0.002517028196772342	0.0031772120072507295
0.002716656485958387	0.0027443477956273247
0.0023402594799178406	0.003331435740118371
0.002870720987205536	0.0029931187928346143
0.002367855249106134	0.003061982300039927
0.002490481602364465	0.0028693994389292175
0.002729246349779535	0.0029127106184101237
0.002713669011296315	0.003240244973019655
0.002596490454463233	0.0033500120801790057
0.0026533430322872842	0.003358132227595206
0.0023529315576366915	0.002945604054618905
0.0022939759781305026	0.0035818906522544804
0.0023872902964014848	0.0029513384880416084
0.0025988781067880313	0.002829819697687365
0.002340135217125574	0.002859641758742537
0.002543036739476126	0.0027771124770002
0.0022168569975989593	0.003457955670253766
0.0026601523850908818	0.002942493763144333
0.002384246261899247	0.00301452167576272
0.0024076121088368457	0.0027106559525550975
0.002285422641772667	0.0031370883748930998
0.0021470720539395046	0.003262161556504786
0.0022993001673511163	0.002891303455097376
0.0025632346784623867	0.00274281256223928
0.002565087009092682	0.002771772999997218
0.002077936431678339	0.002748572466485768
0.0021481868886020846	0.0027912984704456995
0.0024176496317950854	0.002888534332499766
0.0022478102423986682	0.003081734850601846
0.0024428841369592367	0.0027308874032017615
0.0021556724847927276	0.0031298055779868227
0.0021129291756242976	0.0031699440213801095
0.002235178838322951	0.0028992442698987987
0.002594723565256117	0.0031515688468391097
0.002379445426741715	0.00313013493357222
0.0026314311134071153	0.002783381472304406
0.0025267702737151333	0.003500360361440408
0.002314236648696698	0.0027923776178421108
0.0024887850907407876	0.0032897986785122677
0.002634288490129826	0.0029009588640578027
0.0023353904608611293	0.002958170939201279
0.0026118993034435316	0.0031835842136851964
0.002244767192051149	0.003013156420226408
0.002127588243572942	0.00348342953809987
0.0025711406549368916	0.0031703239621999387
0.0021993130102596747	0.002998421578091267
0.00185913456136367	0.002843276649292897
0.0022714745831225306	0.003093951405693864
0.002698573548284548	0.0029423449848486457
0.0024528742899710574	0.0028005400191837954
0.00227792467751267	0.00301207454936147
0.0021561461254373474	0.002728052925802472
0.002254737028875669	0.0030867217402942627
0.002420394713316841	0.002696635230446177
0.0022241825058440753	0.0030355375328220665
0.002377028366666824	0.0031356719608122037
0.002255804249555483	0.0030947299472333565
0.002437505857584389	0.003045530540498469
0.0024321931065128992	0.0026769817291984687
0.0022209487129895697	0.0028670473205521735
0.0025288787111098273	0.002791628352633254
0.002303587229555792	0.0027155173370291617
0.0022846286410556547	0.0028613647336329455
0.0019220385020816545	0.0027868646826100887
0.0022298315719015346	0.0024420487697351047
0.0020931820211073184	0.0027712913535772937
0.002313592522269933	0.0025340409892880534
0.0021649598940653475	0.0028835923514769707
0.0021072061232408706	0.002689205499642268
0.0021275376870364703	0.0027268779385552135
0.0021379113486951285	0.002746473890507624
0.002337341844905038	0.0027870443941056602
0.002403309383213657	0.0028821282544872705
0.0023695361298523565	0.003030595412153507
0.0018020762812416072	0.002682290706943723
0.002090198141248806	0.002666693486812946
0.0023717262197493444	0.0028696849881228548
0.0023165445776623674	0.00236928875183639
0.0022047634026359495	0.0029193967119816627
0.002069067177545059	0.0023883592092228735
0.0022211836499812193	0.0028974782018298074
0.0020157926760404326	0.0027681985639358836
0.0020919327543414516	0.002749339585720457
0.002173736062796091	0.002665511647652987
0.001982069337218861	0.0027519595482659266
0.0024241138936693055	0.002853309541518016
0.0022515673725323456	0.003175439209157994
0.0021008469480211607	0.0029050640677947197
0.002513164551261458	0.002689142340503238
0.0020520156883152723	0.00286757523669204
0.0023798524010141433	0.0026301156057126135
0.00207582361825458	0.0028224320616792495
0.001979955885295238	0.0028342632488773697
0.0020346101902858644	0.002634432738639999
0.002124862416589557	0.002596837372801141
0.0021684232447105015	0.003105441956939194
0.0023881294930408175	0.002613372439689389
0.002000066176598295	0.0030665859005566576
0.0016841189446229685	0.0023925601461599363
0.001899087262828702	0.0023568721846642616
0.002251651835021137	0.002396038536828236
0.0019576039595336496	0.002919413686362
0.0019246673343216443	0.0025612754933828086
0.0021477181199286766	0.0027900639082732415
0.001938830834709825	0.0027156676373609424
0.001986541293081648	0.0022675467327627663
0.0024871326369903845	0.002510691494394376
0.0020831943559785236	0.0028039178433952013
0.0024278802843347813	0.002567435665239048
0.0020084600918731667	0.0026093379715606433
0.002326157833053961	0.0028631884374714584
0.0020233809698356484	0.0026265317323620027
0.002132118580876931	0.0026206609097287554
0.0020585147368045705	0.0031330668598145207
0.0017739654653818183	0.0023531366716573734
0.0019462577606925162	0.002495350315590177
0.0020269054722219203	0.0026373167941436113
0.0018752344119535003	0.0023248224998476947
0.0019817717727194906	0.0026134833225593935
0.002206728703524283	0.0026888567955029624
0.0019690613047407303	0.002573442793234746
0.001943582686412911	0.002712589183710565
0.0020575566000522096	0.002507243008892787
0.0019272234520496343	0.002440875168208412
0.0020481281431130043	0.003073529798152527
0.0018902501189511005	0.0024881456137850065
0.001927711886237283	0.0027748776198162975
0.00188435796689649	0.0021419265082119835
0.0020282634171241904	0.0026922410567062948
0.0022586638470168917	0.002269281748216505
0.001784375595694104	0.0025159016382509556
0.0020011053767679345	0.0025786049009307436
0.0019764926775904575	0.0025227692727852547
0.002339499233569554	0.0024960876060545895
0.0022133795146821616	0.002459383012616924
0.0021194196854702474	0.002235005421948507
0.0023048791972826283	0.002677636916413773
0.002171810535700623	0.0026650775002335513
0.0017443898180087387	0.0023581378278705344
0.001911359732329364	0.002759254678950433
0.001598712211638264	0.0022796152027633435
0.0017614308215842976	0.002149133039112519
0.0022642440364437095	0.002852597338162417
0.0023456475579355287	0.002682512252920474
0.0019623733904983206	0.0023710949170390283
0.0017536212408772536	0.002501668563589805
0.001798846483236028	0.0025999560824246063
0.0019383223904542177	0.002749922850183533
0.0021654675492750125	0.0025634583659457874
0.001975730399576926	0.002199735401002507
0.0019851677538565617	0.002745862739957586
0.0016348700386229786	0.0024209114050973706
0.002068099794421008	0.0026037468352192467
0.001644731137577111	0.0025116266093589998
0.001887161275731161	0.0022466509615086607
0.001549564651529118	0.002386750614103716
0.0019591469392805216	0.0024229768372883253
0.0021228651143977155	0.0025517565126495544
0.002045537529674696	0.0022139154677470905
0.0016375241958407867	0.0029153991635351103
0.002113312723652317	0.0022664179708143935
0.0020430317341984857	0.0022377636153746655
0.0018782976907673128	0.002331614556288718
0.002188706006136558	0.002252748733423295
0.0021990613003768315	0.002402765756316613
0.0016285545926276348	0.0021472223798967753
0.00191920319985376	0.002236908336552734
0.002021051934831587	0.002205559852561505
0.0016355756773853607	0.0023081849196585173
0.0018635561025594067	0.0021206587329944166
0.0016866307190998343	0.0022973038297907575
0.002119786470695035	0.0023867034884093377
0.0018577316321215763	0.002428559463779569
0.001906572177871278	0.0026328214799296507
0.00220150459857255	0.0020290947390385838
0.0016864039351195043	0.0022634626108929195
0.0017027483583396345	0.0025783028386938806
0.0023625412573765143	0.0020741868842512326
0.0018518623307371153	0.0021885755659893516
0.0016619927638186031	0.002357943838980297
0.0017396701912984537	0.002166671183955678
0.0019195702575592558	0.002107993022049723
0.0020317243829524314	0.0023568537893308393
0.0021484616241315333	0.002059119274829668
0.002023321732432441	0.0023062739682163315
0.001698588500499827	0.002621966126031942
0.0019678822219892826	0.002413915667064815
0.0016260055682450869	0.00218163695841553
0.001758317188080426	0.002351504218524842
0.0017285835791700042	0.0024892256826409714
0.0019129022262260008	0.0019570561930805828
0.00181988070895635	0.002313245046297431
0.0017892756916399282	0.002528832513373244
0.0019051876175450943	0.0020713909212237767
0.0017451863752672339	0.0018697713618245878
0.001875674634387571	0.0021656622466924205
0.0019067047593757911	0.0021524618050616485
0.0017329025959440549	0.0018810357638998133
0.0016706096988616259	0.0024164813930999023
0.0017290218327036379	0.0023748405914063722
0.001713459777168655	0.0021216549752446938
0.0013512837399835703	0.0023591371514258674
0.001875529647741667	0.0026061159403332787
0.0014869520360707219	0.002336951460835737
0.0017662307664872987	0.0021218465620391775
0.0016110749353845583	0.0024332425543967867
0.0018977222974799156	0.002493090285721751
0.0019144252844033641	0.0019348017042902894
0.001693524338612998	0.002564757966242773
0.0017909101727619139	0.0019719539312204057
0.002048353297988208	0.002156331607779758
0.0017085723854180787	0.002002060136939954
0.001758710067305966	0.0022757888451491307
0.0018683423863030254	0.002006288497264503
0.0015161359910241705	0.0019902934411255018
0.0015546138791724701	0.0019351748174528936
0.0017179716225935809	0.002138040479331297
0.0015826445715807103	0.002012291997543872
0.0014825248414448693	0.0022459491265540508
0.0015634274513503191	0.0020684897623740174
0.0016076558365006612	0.002140910212444609
0.0013939299903144246	0.0020245872807571497
0.0017347980829029459	0.0022379016728935643
0.0017408058090513387	0.0021779147326839287
0.0014301847860754022	0.0022301247942294075
0.0018709453713501244	0.002373362103240631
0.0014976721475230084	0.0023394128708403876
0.0017574342422041027	0.0019549160376753335
0.001622709220110126	0.0020549472583332386
0.0015790934658853528	0.0020281632122615147
0.001714014980863181	0.0017644338364458533
0.0014708112461392848	0.002175241505167895
0.00168828552677473	0.0019530546486632775
0.0017274895801467492	0.001948137919063116
0.0012800534618821122	0.0019634855685571736
0.0014979096590397813	0.0023944393316083475
0.0014398223947064378	0.0019231799829509206
0.0015199466768923927	0.002132387217009065
0.0016306772533241935	0.0020754426053032396
0.0018342062863240297	0.00239022643507285
0.0016277246098874184	0.0022650601666665466
0.0014270097936225784	0.002163323124492642
0.0018161076395866557	0.0018139076776810049
0.002179630164042197	0.002306580745110087
0.0017640287275408873	0.002199322093340055
0.0013404908683525769	0.0020437865823767524
0.0016864947243144086	0.0017908605453194532
0.0017762709658144995	0.0019679284603609497
0.00130818120538754	0.002286905316804674
0.001594471655525095	0.0025815286076059708
0.0015734562871286676	0.002062924184021128
0.0015388339915828075	0.0019002142923460726
0.0013855325142698286	0.002041960641220311
0.0017789914581341742	0.0018104529056203983
0.0015768612049148402	0.0020261373039285493
0.0012197324246969747	0.0021888319022231525
0.0015832407512461368	0.0019187872429186873
0.0017528573830840881	0.0018835204247106584
0.0017832453383486312	0.0020128860124903787
0.0014394124143956941	0.0019617396581288033
0.001365628008237748	0.0020791386954501917
0.0013439880826461052	0.002037638769512506
0.001813552754400822	0.002143250902675571
0.0016064912910784426	0.0018759233906753814
0.0016295623856397515	0.0023683173123080956
0.0016559766787905647	0.00192213614039471
0.001647597452330172	0.002124039942157153
0.0014583914588163702	0.001830274820331931
0.0015287867442249428	0.002277052850580324
0.0018148250089652356	0.0018564924632133897
0.0014019858681349308	0.00212829994926531
0.0013507098817106594	0.00192496444648033
0.0017348296113958042	0.0022404133327807354
0.0013593996787828317	0.002088303841787754
0.0015810376830228028	0.0019959331530427053
0.001463056750861227	0.0021288858599336586
0.001281734727976616	0.002081740901177722
0.0016635158568759185	0.0016386089719672222
0.0017484878512145298	0.0016690715470995187
0.0014367467689901832	0.0019264579103166072
0.0011914788704059512	0.0020506344860974786
0.0014238419463928108	0.001875629085140191
0.0014281138231807618	0.0021550999805529437
0.0012802583321666569	0.002009648595620352
0.0015141799031469197	0.0019445049662497826
0.00139032854831832	0.0016325889334780277
0.001408086377140189	0.0016176163280753897
0.0013851361677132054	0.0020984966067182833
0.0014668501136884341	0.0017826576815771623
0.0017800610825006366	0.0018016817667408636
0.001185497908920389	0.0020152465013111177
0.001738311592760011	0.0016742940021900565
0.0013532351886403585	0.0023805742973927635
0.0016429546679146065	0.0018900680786940961
0.001356078453324191	0.0019408506112769785
0.0013042586636114436	0.001959793683037105
0.001229315280269845	0.0017637817781597264
0.0015586962756802129	0.0018857759410424967
0.0013438184237566395	0.0018103446027611112
0.0015602199264632068	0.0019368018716219855
0.001312472828529862	0.001700588372931263
0.0014499030017642322	0.002235232982516158
0.0014079828251210619	0.0016058882115466797
0.0014520607893547684	0.0016989848260355296
0.0013818599292694897	0.001768603047021337
0.0012121998134053465	0.0017585844319801857
0.0014463629259985032	0.0018676002669039545
0.0012423812725833516	0.0020407967055595623
0.0016403882377315712	0.0018332102531686833
0.0017931273616344045	0.0018733156778989821
0.0013346299469495536	0.0018888861770303064
0.0015716122739563635	0.0017979516508178708
0.0015679728937308575	0.0018627521282256797
0.0015051079602281907	0.0017024128304214544
0.0014857229072554727	0.001746929191729303
0.0013895977307250345	0.0021325759140985046
0.0015085490727367555	0.002000746390841552
0.0016022903395319066	0.0018546468936561304
0.001510648448701985	0.0018195710623159452
0.0017033296130063208	0.0017066554080549588
0.0015651645232990631	0.0018005038795700877
0.0015899586266630659	0.0017829330925806558
0.001585083307437572	0.0019224159995121475
0.0012204094760659995	0.0015815761704664946
0.0010808321699967778	0.0017349244380648028
0.001061739892298112	0.0017773323595875726
0.0013785869450302038	0.0018772943873713432
0.001152210553279306	0.0019350705164335185
0.0012291619269338787	0.0017709669490154282
0.0014646365348569904	0.0018475868472410575
0.0009885446469045536	0.001812355663022282
0.0013420100704158017	0.0017181687761709382
0.0013305599814229544	0.0017328136698282893
0.0013192350469589877	0.0017239347597631913
0.0012946669338221833	0.0014971220892813996
0.0014146536701488063	0.0019042525860751994
0.0012304849473374485	0.0019056750224192565
0.001035520801982922	0.0016687006669843778
0.0014482891887644875	0.0014071658096274113
0.0015438432139667233	0.001370105505478583
0.0013883338500741294	0.0016895994701615195
0.0012296581525740116	0.001473704405714912
0.0012045560584777056	0.0019291370888618034
0.001146861296213516	0.0019459956369604638
0.0009977039480877363	0.001762490833049957
0.0012416861722515755	0.001745991675659468
0.0014754817669652624	0.002064952911413663
0.001152586741155548	0.0018123962604187317
0.0013058434441915383	0.0015545251219274843
0.0015699312141819169	0.00196292789293431
0.0013075599936855258	0.0015855219398034
0.0011512695911421586	0.0017322699207379453
0.001137850900570753	0.0018465026062437493
0.0013610964258482141	0.0018860293538570082
0.001793552867392716	0.0017163731730978655
0.001295261826811922	0.0016056274394084114
0.0009963955337852623	0.0017415314983898404
0.001332308933336229	0.001645248716375145
0.0014112195398916466	0.0013029952436944057
0.0013280357803623617	0.0013417399459660225
0.0011813850544738827	0.001975749567729309
0.0011402821167659487	0.0016294006588648774
0.0013008952496322691	0.0013451883502723298
0.0013675861463242366	0.001401458910241815
0.0012900982824911908	0.0016761697166544907
0.0015207680361876662	0.0014196616962665466
0.0014627425051299088	0.0015174266146846759
0.0011024601719186445	0.001409085661952579
0.001123926189606167	0.0018895226408378746
0.0008689882662798161	0.0016395270064416389
0.0009260532253040014	0.0018482313812901226
0.0012685120880956962	0.0015126813367017935
0.0014177870710938704	0.0020004648839872336
0.0011259832368216893	0.0017696093801161119
0.00138132405404143	0.0016863832683788331
0.0012394695887428947	0.001860281990453321
0.0010764724892344615	0.0017942591214231188
0.001064817365531128	0.001804835469462712
0.001128653395535909	0.0017218263826747455
0.0014017932307844537	0.0017729195152241142
0.0012257809376672057	0.0013344364847246058
0.0013150177844195158	0.0017138363623621232
0.0009804423553703653	0.001742483898203904
0.0013015030463714055	0.0019094389093416548
0.001086636302448877	0.0018155049001260155
0.001317094521665168	0.0013386666418850484
0.0012579722729274346	0.001280191563145935
0.0013468135364943436	0.0014295470351055343
0.0010939098951534317	0.0015813744234747249
0.001478912873546233	0.0016849068468140437
0.0012890220178605918	0.0016578853969067679
0.0012814393553212174	0.0015270292401007351
0.0012540995100660712	0.001626396426006557
0.0014403704495475921	0.00181244071395646
0.0014649208160754576	0.0015341712808664035
0.0011318911165688302	0.0013299326206740237
0.0011346599200754088	0.0016259204692077574
0.0013103034060344952	0.001239326903009143
0.0009576100150542181	0.0015330149302601067
0.0014652150617904518	0.0014936031124892506
0.0016067258288022912	0.0018190383449069104
0.0012089663596244395	0.0012246699751553083
0.0009665294307919811	0.0019093042755020401
0.0008242984684361014	0.0013419927242772128
0.0009762141683230499	0.0016560303685712579
0.0007903390951955515	0.0014343299652193606
0.0014560712654621381	0.0017177255322105966
0.0009797780279985017	0.001647056660142897
0.0012275056204630898	0.0016169851310438557
0.0012952782168974349	0.0018132237677758037
0.0008433174739702293	0.0018324955494111973
0.0011538293843476658	0.0016139743741844829
0.0012281356536090263	0.001360500621648674
0.001181648565703604	0.0019086630944085902
0.001450055892617921	0.001694113195385737
0.0011117764060278566	0.0018874403544656246
0.0009963101737581993	0.0017818172953971397
0.0011381795502170805	0.0017375003505687209
0.0013944672370714488	0.0015931906898655698
0.0014480913735980205	0.001522745903364424
0.0012302707718429976	0.0014858056654027119
0.0010592702172956756	0.0009479520935569579
0.0010968529426861801	0.00135382383731258
0.0009149732234812798	0.0017475062636945087
0.0008956097669609722	0.0016961957571272766
0.0012069051105759996	0.0017246790216854531
0.0008980780484694985	0.0012818974093281954
0.0009300219297564	0.00143109669667585
0.0013788427441590275	0.0014829861464956081
0.001214557775226031	0.001648738330760389
0.0009333769502566144	0.0014908391142533996
0.0007289180543076219	0.0016159178415896078
0.00112870333948538	0.001828855970838468
0.0006046261728233746	0.0016584827373729055
0.0010369274492450248	0.0015031016806529216
0.0013063804328096792	0.0015040283978945328
0.0011784405648941837	0.001644313505293712
0.001176474497358769	0.0012708835596466632
0.0010950093446701777	0.0017877619129174956
0.0010798031941239106	0.0017098050132091389
0.0007064491562483324	0.0013375588305544655
0.0008629218666006696	0.0015585771342060402
0.0009125601579159328	0.0015169101432605666
0.001180806916033521	0.0014388964002659303
0.001249283014334159	0.0016801483740646601
0.0009400906649119443	0.0015773452919884468
0.001158610697948332	0.0010741041143907432
0.0010424370353398422	0.001373019774740531
0.0011812897592715654	0.001330849308174106
0.001289478036123764	0.0014038589271350372
0.0010267363652539533	0.001438460757984203
0.0011445971265237086	0.0013309260364904158
0.001169776669323103	0.0016044308515110117
0.0011272975437039397	0.001309102277469516
0.0007502980160679023	0.0014151402215273542
0.0011121620018188544	0.0010245810246841372
0.0012437556988340857	0.0014844770477961662
0.0012269558728492543	0.0018118771432243481
0.0006698508400012921	0.001231174160508461
0.001022653692588793	0.0015701376210801807
0.0013898236519271053	0.0014766124447888618
0.0013254533039385394	0.0012075002114341376
0.0009919987097947722	0.001413158295947817
0.0005370003135260229	0.0014544613079337466
0.0008403096806771095	0.0014733043310065654
0.0016488191544319815	0.0015124947449621745
0.0009607377322845959	0.0014401495494797396
0.0010949772361049962	0.001341713222717868
0.0010370591517636651	0.0016132573199920505
0.001257974167786777	0.0014304674815908637
0.0008947284928707681	0.0016592107362804714
0.0009649410455096892	0.0012042695393839787
0.001078600124554496	0.001348514142862385
0.0010378206878573289	0.0016971299877087136
0.0009665165630211245	0.0015400038874795032
0.0010925478185349659	0.001115559114932256
0.0008709218978567533	0.0016419644279469102
0.0010941567933718062	0.001273882605602817
0.001124572543644642	0.0015404338413021832
0.0010894314562114346	0.001142141663926936
0.0008148778066446617	0.000995777042124784
0.001278602057978532	0.0014416018799659704
0.0008975830282273718	0.001278378050556399
0.0008701932329633556	0.0014141795803089188
0.0007171539648540504	0.001489536822400655
0.0011815363322649646	0.0015995243433141993
0.0011942002912142754	0.0011888340359130973
0.0011124053956263246	0.0015621496253463171
0.0009504405529883732	0.0012433550845481266
0.0012357617562883609	0.001183464933891676
0.0010696096302005684	0.0013283454863398047
0.0011448938811574	0.0012568854023784044
0.0011952645059393986	0.0011967607262973225
0.0008836241769837422	0.0013385969458535375
0.0013578939210933244	0.0013345616282543662
0.0009642747239507164	0.0013618273335083853
0.0011241784207265137	0.0015059346118004692
0.0010145252051324018	0.0015137967150574078
0.0008510827264936337	0.0013083520428901572
0.0010651114032568462	0.0013095574534260225
0.0013226867310929876	0.0013414782628725203
0.0007445521595601587	0.0014549669092947927
0.0012815738730847506	0.0014675920740447991
0.0009687196449221048	0.0012507816728021036
0.0013032487067513158	0.0013152418304455762
0.0009499638564546244	0.0012234623789086456
0.0007881961029955816	0.0014465904833392848
0.0009055952392261699	0.0012236238104157498
0.00107740950661074	0.0014477081770538887
0.0011594363336909633	0.001172657920761408
0.001181705209254932	0.0010229165946987965
0.000784735583543929	0.0013103514731344001
0.0011910835858621545	0.0012758111181302085
0.0013215106128238309	0.0008107381843035367
0.0011339072393778725	0.0014109208956233287
0.0006202038956249285	0.0013725855330103077
0.0010787937661488518	0.001218811047636657
0.0011255869134084004	0.0011621145452542754
0.0007716047040225093	0.0012624632784748653
0.0008168648143862565	0.0013292801227453945
0.0007828009299111421	0.0013494553062150926
0.0009359221819031317	0.0012856809364967434
0.0010701294500882947	0.0011951725785870637
0.0007021615998383197	0.001277128028643086
0.0008151682903588039	0.0014747951523547314
0.0009680572973917551	0.0011856381442285507
0.0011712372537644054	0.001261684405983068
0.000971615100292459	0.0012422669080904693
0.0009423785185891288	0.0015068787117063103
0.0009153145498637957	0.001355383156740721
0.0008068303138218956	0.0010615414962819307
0.0011045342692738277	0.0013884005658535577
